         z                  bx                  by
     -3000            0.000638            -1.8e-05
     -2990            0.000638            -1.8e-05
     -2980            0.000638            -1.8e-05
     -2970            0.000638            -1.8e-05
     -2960            0.000638            -1.8e-05
     -2950            0.000638            -1.8e-05
     -2940            0.000638            -1.8e-05
     -2930            0.000638            -1.8e-05
     -2920            0.000638            -1.8e-05
     -2910            0.000638            -1.8e-05
     -2900            0.000638            -1.8e-05
     -2890            0.000638            -1.8e-05
     -2880            0.000638            -1.8e-05
     -2870            0.000638            -1.8e-05
     -2860            0.000638            -1.8e-05
     -2850            0.000638            -1.8e-05
     -2840            0.000638            -1.8e-05
     -2830            0.000638            -1.8e-05
     -2820            0.000638            -1.8e-05
     -2810            0.000638            -1.8e-05
     -2800            0.000638            -1.8e-05
     -2790            0.000638            -1.8e-05
     -2780            0.000638            -1.8e-05
     -2770            0.000638            -1.8e-05
     -2760            0.000638            -1.8e-05
     -2750            0.000638            -1.8e-05
     -2740            0.000638            -1.8e-05
     -2730            0.000638            -1.8e-05
     -2720            0.000638            -1.8e-05
     -2710            0.000638            -1.8e-05
     -2700            0.000638            -1.8e-05
     -2690            0.000638            -1.8e-05
     -2680            0.000638            -1.8e-05
     -2670            0.000638            -1.8e-05
     -2660            0.000638            -1.8e-05
     -2650            0.000638            -1.8e-05
     -2640            0.000638            -1.8e-05
     -2630            0.000638            -1.8e-05
     -2620            0.000638            -1.8e-05
     -2610            0.000638            -1.8e-05
     -2600            0.000638            -1.8e-05
     -2590            0.000638            -1.8e-05
     -2580            0.000638            -1.8e-05
     -2570            0.000638            -1.8e-05
     -2560            0.000638            -1.8e-05
     -2550            0.000638            -1.8e-05
     -2540            0.000638            -1.8e-05
     -2530            0.000638            -1.8e-05
     -2520            0.000638            -1.8e-05
     -2510            0.000638            -1.8e-05
     -2500            0.000638            -1.8e-05
     -2490            0.000638            -1.8e-05
     -2480            0.000638            -1.8e-05
     -2470            0.000638            -1.8e-05
     -2460            0.000638            -1.8e-05
     -2450            0.000638            -1.8e-05
     -2440            0.000638            -1.8e-05
     -2430            0.000638            -1.8e-05
     -2420            0.000638            -1.8e-05
     -2410            0.000638            -1.8e-05
     -2400            0.000638            -1.8e-05
     -2390            0.000638            -1.8e-05
     -2380            0.000638            -1.8e-05
     -2370            0.000638            -1.8e-05
     -2360            0.000638            -1.8e-05
     -2350            0.000638            -1.8e-05
     -2340            0.000638            -1.8e-05
     -2330            0.000638            -1.8e-05
     -2320            0.000638            -1.8e-05
     -2310            0.000638            -1.8e-05
     -2300            0.000638            -1.8e-05
     -2290            0.000638            -1.8e-05
     -2280            0.000638            -1.8e-05
     -2270            0.000638            -1.8e-05
     -2260            0.000638            -1.8e-05
     -2250            0.000638            -1.8e-05
     -2240            0.000638            -1.8e-05
     -2230            0.000638            -1.8e-05
     -2220            0.000638            -1.8e-05
     -2210            0.000638            -1.8e-05
     -2200            0.000638            -1.8e-05
     -2190            0.000638            -1.8e-05
     -2180            0.000638            -1.8e-05
     -2170            0.000638            -1.8e-05
     -2160            0.000638            -1.8e-05
     -2150            0.000638            -1.8e-05
     -2140            0.000638            -1.8e-05
     -2130            0.000638            -1.8e-05
     -2120            0.000638            -1.8e-05
     -2110            0.000638            -1.8e-05
     -2100            0.000638            -1.8e-05
     -2090            0.000638            -1.8e-05
     -2080            0.000638            -1.8e-05
     -2070            0.000638            -1.8e-05
     -2060            0.000638            -1.8e-05
     -2050            0.000638            -1.8e-05
     -2040            0.000638            -1.8e-05
     -2030            0.000638            -1.8e-05
     -2020            0.000638            -1.8e-05
     -2010            0.000638            -1.8e-05
     -2000            0.000638            -1.8e-05
     -1990            0.000638            -1.8e-05
     -1980            0.000638            -1.8e-05
     -1970            0.000638            -1.8e-05
     -1960            0.000638            -1.8e-05
     -1950            0.000638            -1.8e-05
     -1940            0.000638            -1.8e-05
     -1930            0.000638            -1.8e-05
     -1920            0.000638            -1.8e-05
     -1910            0.000638            -1.8e-05
     -1900            0.000638            -1.8e-05
     -1890            0.000638            -1.8e-05
     -1880            0.000638            -1.8e-05
     -1870            0.000638            -1.8e-05
     -1860            0.000638            -1.8e-05
     -1850            0.000638            -1.8e-05
     -1840            0.000638            -1.8e-05
     -1830            0.000638            -1.8e-05
     -1820            0.000638            -1.8e-05
     -1810            0.000638            -1.8e-05
     -1800            0.000638            -1.8e-05
     -1790            0.000638            -1.8e-05
     -1780            0.000638            -1.8e-05
     -1770            0.000638            -1.8e-05
     -1760            0.000638            -1.8e-05
     -1750            0.000638            -1.8e-05
     -1740            0.000638            -1.8e-05
     -1730            0.000638            -1.8e-05
     -1720            0.000638            -1.8e-05
     -1710            0.000638            -1.8e-05
     -1700            0.000638            -1.8e-05
     -1690            0.000638            -1.8e-05
     -1680            0.000638            -1.8e-05
     -1670            0.000638            -1.8e-05
     -1660            0.000638            -1.8e-05
     -1650            0.000638            -1.8e-05
     -1640          0.00065717        -1.91572e-05
     -1630         0.000681132        -2.06038e-05
     -1620         0.000705094        -2.20503e-05
     -1610         0.000729057        -2.34969e-05
     -1600         0.000753019        -2.49434e-05
     -1590         0.000776981        -2.63899e-05
     -1580         0.000800943        -2.78365e-05
     -1570         0.000824906         -2.9283e-05
     -1560         0.000848868        -3.07296e-05
     -1550          0.00087283        -3.21761e-05
     -1540         0.000896792        -3.36226e-05
     -1530         0.000920755        -3.50692e-05
     -1520         0.000944717        -3.65157e-05
     -1510         0.000968679        -3.79623e-05
     -1500         0.000992642        -3.94088e-05
     -1490           0.0010166        -4.08553e-05
     -1480          0.00101597        -4.53318e-05
     -1470          0.00101261        -5.01449e-05
     -1460          0.00100924        -5.49579e-05
     -1450          0.00100588         -5.9771e-05
     -1440          0.00100251        -6.45841e-05
     -1430          0.00099915        -6.93972e-05
     -1420         0.000995785        -7.42103e-05
     -1410         0.000992421        -7.90234e-05
     -1400         0.000989056        -8.38364e-05
     -1390         0.000985692        -8.86495e-05
     -1380         0.000982327        -9.34626e-05
     -1370         0.000978963        -9.82757e-05
     -1360         0.000975598        -0.000103089
     -1350         0.000972234        -0.000107902
     -1340         0.000968869        -0.000112715
     -1330         0.000965505        -0.000117528
     -1320          0.00096214        -0.000122341
     -1310         0.000958776        -0.000127154
     -1300         0.000955411        -0.000131967
     -1290         0.000952047         -0.00013678
     -1280         0.000948682        -0.000141593
     -1270         0.000934066        -0.000142342
     -1260         0.000908199        -0.000139026
     -1250         0.000882332        -0.000135709
     -1240         0.000856464        -0.000132393
     -1230         0.000830597        -0.000129077
     -1220          0.00080473         -0.00012576
     -1210         0.000778862        -0.000122444
     -1200         0.000752995        -0.000119128
     -1190         0.000727128        -0.000115811
     -1180          0.00070126        -0.000112495
     -1170         0.000675393        -0.000109179
     -1160         0.000649526        -0.000105862
     -1150         0.000623658        -0.000102546
     -1140         0.000597791        -9.92296e-05
     -1130         0.000571923        -9.59133e-05
     -1120         0.000546056        -9.25969e-05
     -1110         0.000520189        -8.92806e-05
     -1100         0.000494321        -8.59643e-05
     -1090         0.000468454         -8.2648e-05
     -1080         0.000442587        -7.93316e-05
     -1070         0.000443469         -7.4324e-05
     -1060         0.000447324        -6.91285e-05
     -1050         0.000451179         -6.3933e-05
     -1040         0.000455034        -5.87374e-05
     -1030         0.000458888        -5.35419e-05
     -1020         0.000462743        -4.83464e-05
     -1010         0.000466598        -4.31508e-05
     -1000         0.000470453        -3.79553e-05
      -990         0.000474307        -3.27598e-05
      -980         0.000478162        -2.75642e-05
      -970         0.000482017        -2.23687e-05
      -960         0.000485872        -1.71732e-05
      -950         0.000489726        -1.19776e-05
      -940         0.000493581        -6.78212e-06
      -930         0.000497436        -1.58659e-06
      -920          0.00050129         3.60894e-06
      -910         0.000505145         8.80447e-06
      -900            0.000509             1.4e-05
      -890          0.00051246         1.25782e-05
      -880         0.000515919         1.11564e-05
      -870         0.000519379          9.7346e-06
      -860         0.000522839          8.3128e-06
      -850         0.000526299         6.89099e-06
      -840         0.000529758         5.46919e-06
      -830         0.000533218         4.04739e-06
      -820         0.000536678         2.62559e-06
      -810         0.000540137         1.20379e-06
      -800         0.000543597         -2.1801e-07
      -790         0.000547057        -1.63981e-06
      -780         0.000550517        -3.06161e-06
      -770         0.000553976        -4.48341e-06
      -760         0.000557436        -5.90521e-06
      -750         0.000560896        -7.32701e-06
      -740         0.000564355        -8.74882e-06
      -730         0.000567815        -1.01706e-05
      -720         0.000571275        -1.15924e-05
      -710         0.000574735        -1.30142e-05
      -700         0.000578194         -1.4436e-05
      -690         0.000581654        -1.58578e-05
      -680         0.000565286         -1.8381e-05
      -670         0.000546714        -2.10265e-05
      -660         0.000528143         -2.3672e-05
      -650         0.000509571        -2.63175e-05
      -640            0.000491         -2.8963e-05
      -630         0.000472429        -3.16085e-05
      -620         0.000453857         -3.4254e-05
      -610         0.000435286        -3.68995e-05
      -600         0.000416714         -3.9545e-05
      -590         0.000398143        -4.21905e-05
      -580         0.000379571         -4.4836e-05
      -570            0.000361        -4.74815e-05
      -560         0.000342429         -5.0127e-05
      -550         0.000323857        -5.27725e-05
      -540         0.000305286         -5.5418e-05
      -530         0.000286714        -5.80635e-05
      -520         0.000268143         -6.0709e-05
      -510         0.000249571        -6.33545e-05
      -500            0.000231            -6.6e-05
      -490         0.000235932        -7.44615e-05
      -480         0.000240864        -8.29231e-05
      -470         0.000245796        -9.13846e-05
      -460         0.000250729        -9.98462e-05
      -450         0.000255661        -0.000108308
      -440         0.000260593        -0.000116769
      -430         0.000265525        -0.000125231
      -420         0.000270457        -0.000133692
      -410         0.000275389        -0.000142154
      -400         0.000280321        -0.000150615
      -390         0.000285253        -0.000159077
      -380         0.000290186        -0.000167538
      -370         0.000295118           -0.000176
      -360          0.00030005        -0.000184462
      -350         0.000304982        -0.000192923
      -340         0.000309914        -0.000201385
      -330         0.000314846        -0.000209846
      -320         0.000319778        -0.000218308
      -310          0.00032471        -0.000226769
      -300         0.000329643        -0.000235231
      -290         0.000334575        -0.000243692
      -280         0.000339507        -0.000252154
      -270         0.000344079        -0.000262443
      -260         0.000348611        -0.000272936
      -250         0.000353143        -0.000283429
      -240         0.000357675        -0.000293921
      -230         0.000362207        -0.000304414
      -220         0.000366739        -0.000314906
      -210         0.000371271        -0.000325399
      -200         0.000375803        -0.000335892
      -190         0.000380335        -0.000346384
      -180         0.000384867        -0.000356877
      -170         0.000389399        -0.000367369
      -160         0.000393931        -0.000377862
      -150         0.000398463        -0.000388355
      -140         0.000402995        -0.000398847
      -130         0.000407527         -0.00040934
      -120         0.000412059        -0.000419833
      -110         0.000416591        -0.000430325
      -100         0.000421123        -0.000440818
       -90         0.000425655         -0.00045131
       -80         0.000430187        -0.000461803
       -70         0.000428653        -0.000466754
       -60         0.000423075         -0.00046801
       -50         0.000417497        -0.000469266
       -40          0.00041192        -0.000470523
       -30         0.000406342        -0.000471779
       -20         0.000400764        -0.000473035
       -10         0.000395186        -0.000474291
         0         0.000389608        -0.000475548
        10          0.00038403        -0.000476804
        20         0.000378452         -0.00047806
        30         0.000372874        -0.000479317
        40         0.000367296        -0.000480573
        50         0.000361719        -0.000481829
        60         0.000356141        -0.000483085
        70         0.000350563        -0.000484342
        80         0.000344985        -0.000485598
        90         0.000339407        -0.000486854
       100         0.000333829        -0.000488111
       110         0.000328251        -0.000489367
       120         0.000322673        -0.000490623
       130         0.000315784        -0.000490966
       140         0.000308332        -0.000490918
       150          0.00030088         -0.00049087
       160         0.000293428        -0.000490822
       170         0.000285976        -0.000490774
       180         0.000278524        -0.000490726
       190         0.000271072        -0.000490678
       200          0.00026362         -0.00049063
       210         0.000256168        -0.000490582
       220         0.000248716        -0.000490534
       230         0.000241264        -0.000490486
       240         0.000233812        -0.000490437
       250         0.000226361        -0.000490389
       260         0.000218909        -0.000490341
       270         0.000211457        -0.000490293
       280         0.000204005        -0.000490245
       290         0.000196553        -0.000490197
       300         0.000189101        -0.000490149
       310         0.000181649        -0.000490101
       320         0.000174197        -0.000490053
       330         0.000166745        -0.000490005
       340         0.000181615         -0.00048028
       350         0.000198965         -0.00046948
       360         0.000216315         -0.00045868
       370         0.000233665         -0.00044788
       380         0.000251015         -0.00043708
       390         0.000268365         -0.00042628
       400         0.000285715         -0.00041548
       410         0.000303065         -0.00040468
       420         0.000320415         -0.00039388
       430         0.000337765         -0.00038308
       440         0.000355115         -0.00037228
       450         0.000372465         -0.00036148
       460         0.000389815         -0.00035068
       470         0.000407165         -0.00033988
       480         0.000424515         -0.00032908
       490         0.000441865         -0.00031828
       500         0.000459215         -0.00030748
       510         0.000476565         -0.00029668
       520         0.000493915         -0.00028588
       530         0.000511265         -0.00027508
       540          0.00052983         -0.00027031
       550          0.00054853         -0.00026621
       560          0.00056723         -0.00026211
       570          0.00058593         -0.00025801
       580          0.00060463         -0.00025391
       590          0.00062333         -0.00024981
       600          0.00064203         -0.00024571
       610          0.00066073         -0.00024161
       620          0.00067943         -0.00023751
       630          0.00069813         -0.00023341
       640          0.00071683         -0.00022931
       650          0.00073553         -0.00022521
       660          0.00075423         -0.00022111
       670          0.00077293         -0.00021701
       680          0.00079163         -0.00021291
       690          0.00081033         -0.00020881
       700          0.00082903         -0.00020471
       710          0.00084773         -0.00020061
       720          0.00086643         -0.00019651
       730          0.00088513         -0.00019241
       740          0.00087007        -0.000190176
       750         0.000851259        -0.000188149
       760         0.000832449        -0.000186122
       770         0.000813638        -0.000184095
       780         0.000794827        -0.000182068
       790         0.000776016        -0.000180041
       800         0.000757205        -0.000178014
       810         0.000738395        -0.000175986
       820         0.000719584        -0.000173959
       830         0.000700773        -0.000171932
       840         0.000681962        -0.000169905
       850         0.000663151        -0.000167878
       860         0.000644341        -0.000165851
       870          0.00062553        -0.000163824
       880         0.000606719        -0.000161797
       890         0.000587908         -0.00015977
       900         0.000569097        -0.000157743
       910         0.000550286        -0.000155716
       920         0.000531476        -0.000153689
       930         0.000512665        -0.000151662
       940         0.000493854        -0.000149635
       950         0.000475043        -0.000147608
       960         0.000456232        -0.000145581
       970         0.000437422        -0.000143554
       980         0.000418611        -0.000141527
       990           0.0003998          -0.0001395
      1000         0.000380989        -0.000137473
      1010         0.000362178        -0.000135446
      1020         0.000343368        -0.000133419
      1030         0.000324557        -0.000131392
      1040         0.000305746        -0.000129365
      1050         0.000286935        -0.000127338
      1060         0.000268124        -0.000125311
      1070         0.000249313        -0.000123284
      1080         0.000230503        -0.000121257
      1090         0.000211692         -0.00011923
      1100         0.000192881        -0.000117203
      1110         0.000188574        -0.000118917
      1120         0.000185878        -0.000121048
      1130         0.000183183        -0.000123178
      1140         0.000180487        -0.000125309
      1150         0.000177791        -0.000127439
      1160         0.000175096         -0.00012957
      1170           0.0001724          -0.0001317
      1180         0.000169704         -0.00013383
      1190         0.000167009        -0.000135961
      1200         0.000164313        -0.000138091
      1210         0.000161617        -0.000140222
      1220         0.000158922        -0.000142352
      1230         0.000156226        -0.000144483
      1240          0.00015353        -0.000146613
      1250         0.000150835        -0.000148743
      1260         0.000148139        -0.000150874
      1270         0.000145443        -0.000153004
      1280         0.000142748        -0.000155135
      1290         0.000140052        -0.000157265
      1300         0.000137357        -0.000159396
      1310         0.000134661        -0.000161526
      1320         0.000131965        -0.000163657
      1330          0.00012927        -0.000165787
      1340         0.000129146        -0.000165805
      1350         0.000129308        -0.000165589
      1360          0.00012947        -0.000165373
      1370         0.000129632        -0.000165157
      1380         0.000129795        -0.000164941
      1390         0.000129957        -0.000164724
      1400         0.000130119        -0.000164508
      1410         0.000130281        -0.000164292
      1420         0.000130443        -0.000164076
      1430         0.000130605        -0.000163859
      1440         0.000130768        -0.000163643
      1450          0.00013093        -0.000163427
      1460         0.000131092        -0.000163211
      1470         0.000131254        -0.000162995
      1480         0.000131416        -0.000162778
      1490         0.000131578        -0.000162562
      1500         0.000131741        -0.000162346
      1510         0.000131903         -0.00016213
      1520         0.000132065        -0.000161914
      1530         0.000132227        -0.000161697
      1540         0.000132389        -0.000161481
      1550         0.000132551        -0.000161265
      1560         0.000132714        -0.000161049
      1570         0.000132876        -0.000160832
      1580         0.000133038        -0.000160616
      1590           0.0001332          -0.0001604
      1600         0.000133362        -0.000160184
      1610         0.000133524        -0.000159968
      1620         0.000133686        -0.000159751
      1630         0.000133849        -0.000159535
      1640         0.000134011        -0.000159319
      1650         0.000134173        -0.000159103
      1660         0.000134335        -0.000158886
      1670         0.000134497         -0.00015867
      1680         0.000134659        -0.000158454
      1690         0.000134822        -0.000158238
      1700         0.000134984        -0.000158022
      1710          0.00014175         -0.00015845
      1720          0.00014925         -0.00015895
      1730          0.00015675         -0.00015945
      1740          0.00016425         -0.00015995
      1750          0.00017175         -0.00016045
      1760          0.00017925         -0.00016095
      1770          0.00018675         -0.00016145
      1780          0.00019425         -0.00016195
      1790          0.00020175         -0.00016245
      1800          0.00020925         -0.00016295
      1810          0.00021675         -0.00016345
      1820          0.00022425         -0.00016395
      1830          0.00023175         -0.00016445
      1840          0.00023925         -0.00016495
      1850          0.00024675         -0.00016545
      1860          0.00025425         -0.00016595
      1870          0.00026175         -0.00016645
      1880          0.00026925         -0.00016695
      1890          0.00027675         -0.00016745
      1900          0.00028425         -0.00016795
      1910          0.00029175         -0.00016845
      1920          0.00029925         -0.00016895
      1930          0.00030675         -0.00016945
      1940          0.00031425         -0.00016995
      1950          0.00032175         -0.00017045
      1960          0.00032925         -0.00017095
      1970          0.00033675         -0.00017145
      1980          0.00034425         -0.00017195
      1990          0.00035175         -0.00017245
      2000          0.00035925         -0.00017295
      2010          0.00036675         -0.00017345
      2020          0.00037425         -0.00017395
      2030          0.00038175         -0.00017445
      2040          0.00038925         -0.00017495
      2050          0.00039675         -0.00017545
      2060          0.00040425         -0.00017595
      2070          0.00041175         -0.00017645
      2080          0.00041925         -0.00017695
      2090          0.00042675         -0.00017745
      2100          0.00043425         -0.00017795
      2110         0.000427575        -0.000176282
      2120         0.000419325        -0.000174373
      2130         0.000411075        -0.000172464
      2140         0.000402825        -0.000170555
      2150         0.000394575        -0.000168645
      2160         0.000386325        -0.000166736
      2170         0.000378075        -0.000164827
      2180         0.000369825        -0.000162918
      2190         0.000361575        -0.000161009
      2200         0.000353325          -0.0001591
      2210         0.000345075        -0.000157191
      2220         0.000336825        -0.000155282
      2230         0.000328575        -0.000153373
      2240         0.000320325        -0.000151464
      2250         0.000312075        -0.000149555
      2260         0.000303825        -0.000147645
      2270         0.000295575        -0.000145736
      2280         0.000287325        -0.000143827
      2290         0.000279075        -0.000141918
      2300         0.000270825        -0.000140009
      2310         0.000262575          -0.0001381
      2320         0.000254325        -0.000136191
      2330         0.000246075        -0.000134282
      2340         0.000237825        -0.000132373
      2350         0.000229575        -0.000130464
      2360         0.000221325        -0.000128555
      2370         0.000213075        -0.000126645
      2380         0.000204825        -0.000124736
      2390         0.000196575        -0.000122827
      2400         0.000188325        -0.000120918
      2410         0.000180075        -0.000119009
      2420         0.000171825          -0.0001171
      2430         0.000163575        -0.000115191
      2440         0.000155325        -0.000113282
      2450         0.000147075        -0.000111373
      2460         0.000138825        -0.000109464
      2470         0.000130575        -0.000107555
      2480         0.000122325        -0.000105645
      2490         0.000114075        -0.000103736
      2500         0.000105825        -0.000101827
      2510          9.7575e-05        -9.99182e-05
      2520          8.9325e-05        -9.80091e-05
      2530          8.1075e-05           -9.61e-05
      2540          7.2825e-05        -9.41909e-05
      2550         7.53358e-05        -9.41343e-05
      2560         7.90423e-05        -9.42836e-05
      2570         8.27488e-05        -9.44328e-05
      2580         8.64552e-05        -9.45821e-05
      2590         9.01617e-05        -9.47313e-05
      2600         9.38682e-05        -9.48806e-05
      2610         9.75746e-05        -9.50298e-05
      2620         0.000101281        -9.51791e-05
      2630         0.000104988        -9.53284e-05
      2640         0.000108694        -9.54776e-05
      2650           0.0001124        -9.56269e-05
      2660         0.000116107        -9.57761e-05
      2670         0.000119813        -9.59254e-05
      2680          0.00012352        -9.60746e-05
      2690         0.000127226        -9.62239e-05
      2700         0.000130933        -9.63731e-05
      2710         0.000134639        -9.65224e-05
      2720         0.000138346        -9.66716e-05
      2730         0.000142052        -9.68209e-05
      2740         0.000145759        -9.69702e-05
      2750         0.000149465        -9.71194e-05
      2760         0.000153172        -9.72687e-05
      2770         0.000156878        -9.74179e-05
      2780         0.000160585        -9.75672e-05
      2790         0.000164291        -9.77164e-05
      2800         0.000167998        -9.78657e-05
      2810         0.000171704        -9.80149e-05
      2820          0.00017541        -9.81642e-05
      2830         0.000179117        -9.83134e-05
      2840         0.000182823        -9.84627e-05
      2850          0.00018653        -9.86119e-05
      2860         0.000190236        -9.87612e-05
      2870         0.000193943        -9.89104e-05
      2880         0.000197649        -9.90597e-05
      2890         0.000201356         -9.9209e-05
      2900         0.000205062        -9.93582e-05
      2910         0.000208769        -9.95075e-05
      2920         0.000212475        -9.96567e-05
      2930         0.000216182         -9.9806e-05
      2940         0.000219888        -9.99552e-05
      2950         0.000220039        -9.82409e-05
      2960         0.000218666         -9.5728e-05
      2970         0.000217293         -9.3215e-05
      2980          0.00021592        -9.07021e-05
      2990         0.000214547        -8.81891e-05
      3000         0.000213174        -8.56762e-05
      3010         0.000211801        -8.31632e-05
      3020         0.000210427        -8.06503e-05
      3030         0.000209054        -7.81373e-05
      3040         0.000207681        -7.56244e-05
      3050         0.000206308        -7.31114e-05
      3060         0.000204935        -7.05984e-05
      3070         0.000203562        -6.80855e-05
      3080         0.000202189        -6.55725e-05
      3090         0.000200816        -6.30596e-05
      3100         0.000199443        -6.05466e-05
      3110          0.00019807        -5.80337e-05
      3120         0.000196697        -5.55207e-05
      3130         0.000195324        -5.30078e-05
      3140         0.000193951        -5.04948e-05
      3150         0.000192578        -4.79819e-05
      3160         0.000191205        -4.54689e-05
      3170         0.000189832         -4.2956e-05
      3180         0.000188459         -4.0443e-05
      3190         0.000187085        -3.79301e-05
      3200         0.000185712        -3.54171e-05
      3210         0.000184339        -3.29041e-05
      3220         0.000182966        -3.03912e-05
      3230         0.000181593        -2.78782e-05
      3240          0.00018022        -2.53653e-05
      3250         0.000178847        -2.28523e-05
      3260         0.000177474        -2.03394e-05
      3270         0.000176101        -1.78264e-05
      3280         0.000174728        -1.53135e-05
      3290         0.000173355        -1.28005e-05
      3300         0.000171982        -1.02876e-05
      3310         0.000170609        -7.77461e-06
      3320         0.000169236        -5.26166e-06
      3330         0.000168243        -3.33333e-06
      3340         0.000170674        -6.66667e-06
      3350         0.000173104              -1e-05
      3360         0.000175535        -1.33333e-05
      3370         0.000177965        -1.66667e-05
      3380         0.000180396              -2e-05
      3390         0.000182826        -2.33333e-05
      3400         0.000185257        -2.66667e-05
      3410          0.00017065          -2.385e-05
      3420          0.00015415          -2.035e-05
      3430          0.00013765          -1.685e-05
      3440          0.00013375         -2.5725e-05
      3450          0.00013125         -3.5975e-05
      3460         0.000138469        -3.74885e-05
      3470         0.000146769        -3.80313e-05
      3480         0.000155068         -3.8574e-05
      3490         0.000163367        -3.91168e-05
      3500         0.000171667        -3.96595e-05
      3510         0.000179966        -4.02023e-05
      3520         0.000188265        -4.07451e-05
      3530         0.000196565        -4.12878e-05
      3540         0.000204864        -4.18306e-05
      3550         0.000213163        -4.23734e-05
      3560         0.000221463        -4.29161e-05
      3570         0.000229762        -4.34589e-05
      3580         0.000238062        -4.40016e-05
      3590         0.000246361        -4.45444e-05
      3600          0.00025466        -4.50872e-05
      3610          0.00026296        -4.56299e-05
      3620         0.000271259        -4.61727e-05
      3630         0.000279558        -4.67155e-05
      3640         0.000287858        -4.72582e-05
      3650         0.000296157         -4.7801e-05
      3660         0.000304456        -4.83438e-05
      3670         0.000312756        -4.88865e-05
      3680         0.000321055        -4.94293e-05
      3690         0.000329354         -4.9972e-05
      3700         0.000337654        -5.05148e-05
      3710         0.000345953        -5.10576e-05
      3720         0.000354252        -5.16003e-05
      3730         0.000362552        -5.21431e-05
      3740         0.000370851        -5.26859e-05
      3750          0.00037915        -5.32286e-05
      3760          0.00038745        -5.37714e-05
      3770         0.000395749        -5.43141e-05
      3780         0.000404048        -5.48569e-05
      3790         0.000412348        -5.53997e-05
      3800         0.000420647        -5.59424e-05
      3810         0.000428946        -5.64852e-05
      3820         0.000437246         -5.7028e-05
      3830         0.000445545        -5.75707e-05
      3840            0.000454            -3.6e-05
      3850         0.000451705        -4.19609e-05
      3860         0.000449409        -4.79217e-05
      3870         0.000447114        -5.38826e-05
      3880         0.000444819        -5.98434e-05
      3890         0.000442523        -6.58043e-05
      3900         0.000440228        -7.17651e-05
      3910         0.000437932         -7.7726e-05
      3920         0.000435637        -8.36868e-05
      3930         0.000433342        -8.96477e-05
      3940         0.000431046        -9.56085e-05
      3950         0.000428751        -0.000101569
      3960         0.000426456         -0.00010753
      3970          0.00042416        -0.000113491
      3980         0.000421865        -0.000119452
      3990         0.000419569        -0.000125413
      4000         0.000417274        -0.000131374
      4010         0.000414979        -0.000137335
      4020         0.000412683        -0.000143295
      4030         0.000410388        -0.000149256
      4040         0.000408093        -0.000155217
      4050         0.000405797        -0.000161178
      4060         0.000403502        -0.000167139
      4070         0.000401206          -0.0001731
      4080         0.000398911        -0.000179061
      4090         0.000396616        -0.000185021
      4100          0.00039432        -0.000190982
      4110         0.000392025        -0.000196943
      4120          0.00038973        -0.000202904
      4130          0.00038529        -0.000201744
      4140         0.000380612        -0.000199794
      4150         0.000375934        -0.000197843
      4160         0.000371256        -0.000195892
      4170         0.000366578        -0.000193941
      4180           0.0003619        -0.000191991
      4190         0.000357222         -0.00019004
      4200         0.000352544        -0.000188089
      4210         0.000347866        -0.000186138
      4220         0.000343188        -0.000184188
      4230         0.000338509        -0.000182237
      4240         0.000333831        -0.000180286
      4250         0.000329153        -0.000178335
      4260         0.000324475        -0.000176384
      4270         0.000319797        -0.000174434
      4280         0.000315119        -0.000172483
      4290         0.000310441        -0.000170532
      4300         0.000305763        -0.000168581
      4310         0.000301085        -0.000166631
      4320         0.000296407         -0.00016468
      4330         0.000291729        -0.000162729
      4340         0.000287051        -0.000160778
      4350         0.000282373        -0.000158828
      4360         0.000277695        -0.000156877
      4370         0.000273017        -0.000154926
      4380         0.000268339        -0.000152975
      4390         0.000261524        -0.000150689
      4400         0.000252573        -0.000148067
      4410         0.000243622        -0.000145445
      4420         0.000234671        -0.000142824
      4430         0.000225719        -0.000140202
      4440         0.000216768         -0.00013758
      4450         0.000207817        -0.000134958
      4460         0.000198865        -0.000132336
      4470         0.000189914        -0.000129715
      4480         0.000180963        -0.000127093
      4490         0.000172012        -0.000124471
      4500          0.00016306        -0.000121849
      4510         0.000154109        -0.000119227
      4520         0.000145158        -0.000116605
      4530         0.000136207        -0.000113984
      4540         0.000127255        -0.000111362
      4550         0.000118304         -0.00010874
      4560         0.000109353        -0.000106118
      4570         0.000100401        -0.000103496
      4580         9.14502e-05        -0.000100874
      4590         8.24989e-05        -9.82526e-05
      4600         7.35477e-05        -9.56308e-05
      4610         6.45964e-05         -9.3009e-05
      4620         5.56451e-05        -9.03872e-05
      4630         5.55571e-05        -9.15214e-05
      4640          5.6454e-05         -9.3073e-05
      4650         5.73508e-05        -9.46246e-05
      4660         5.82476e-05        -9.61762e-05
      4670         5.91444e-05        -9.77278e-05
      4680         6.00413e-05        -9.92794e-05
      4690         6.09381e-05        -0.000100831
      4700         6.18349e-05        -0.000102383
      4710         6.27317e-05        -0.000103934
      4720         6.36286e-05        -0.000105486
      4730         6.45254e-05        -0.000107037
      4740         6.54222e-05        -0.000108589
      4750          6.6319e-05         -0.00011014
      4760         6.72159e-05        -0.000111692
      4770         6.81127e-05        -0.000113244
      4780         6.90095e-05        -0.000114795
      4790         6.99063e-05        -0.000116347
      4800         7.08032e-05        -0.000117898
      4810            7.17e-05         -0.00011945
      4820         7.25968e-05        -0.000121002
      4830         7.34937e-05        -0.000122553
      4840         7.43905e-05        -0.000124105
      4850         7.52873e-05        -0.000125656
      4860         7.61841e-05        -0.000127208
      4870          7.7081e-05         -0.00012876
      4880         7.79778e-05        -0.000130311
      4890         7.88746e-05        -0.000131863
      4900         7.97714e-05        -0.000133414
      4910         8.06683e-05        -0.000134966
      4920         8.15651e-05        -0.000136517
      4930         8.24619e-05        -0.000138069
      4940          8.2981e-05        -0.000138117
      4950         8.29333e-05        -0.000135911
      4960         8.28857e-05        -0.000133705
      4970         8.28381e-05        -0.000131498
      4980         8.27905e-05        -0.000129292
      4990         8.27429e-05        -0.000127086
      5000         8.26952e-05        -0.000124879
      5010         8.26476e-05        -0.000122673
      5020            8.26e-05        -0.000120467
      5030         8.25524e-05         -0.00011826
      5040         8.25048e-05        -0.000116054
      5050         8.24571e-05        -0.000113848
      5060         8.24095e-05        -0.000111641
      5070         8.23619e-05        -0.000109435
      5080         8.23143e-05        -0.000107229
      5090         8.22667e-05        -0.000105022
      5100          8.2219e-05        -0.000102816
      5110         8.21714e-05         -0.00010061
      5120         8.21238e-05        -9.84032e-05
      5130         8.20762e-05        -9.61968e-05
      5140         8.20286e-05        -9.39905e-05
      5150          8.1981e-05        -9.17841e-05
      5160         8.19333e-05        -8.95778e-05
      5170         8.18857e-05        -8.73714e-05
      5180         8.18381e-05        -8.51651e-05
      5190         8.17905e-05        -8.29587e-05
      5200         8.17429e-05        -8.07524e-05
      5210         8.16952e-05         -7.8546e-05
      5220         8.16476e-05        -7.63397e-05
      5230            8.16e-05        -7.41333e-05
      5240         8.15524e-05         -7.1927e-05
      5250         8.15048e-05        -6.97206e-05
      5260         7.96196e-05        -6.90339e-05
      5270         7.75304e-05        -6.85161e-05
      5280         7.54411e-05        -6.79982e-05
      5290         7.33518e-05        -6.74804e-05
      5300         7.12625e-05        -6.69625e-05
      5310         6.91732e-05        -6.64446e-05
      5320         6.70839e-05        -6.59268e-05
      5330         6.49946e-05        -6.54089e-05
      5340         6.29054e-05        -6.48911e-05
      5350         6.08161e-05        -6.43732e-05
      5360         5.87268e-05        -6.38554e-05
      5370         5.66375e-05        -6.33375e-05
      5380         5.45482e-05        -6.28196e-05
      5390         5.24589e-05        -6.23018e-05
      5400         5.03696e-05        -6.17839e-05
      5410         4.82804e-05        -6.12661e-05
      5420         4.61911e-05        -6.07482e-05
      5430         4.41018e-05        -6.02304e-05
      5440         4.20125e-05        -5.97125e-05
      5450         3.99232e-05        -5.91946e-05
      5460         3.78339e-05        -5.86768e-05
      5470         3.57446e-05        -5.81589e-05
      5480         3.36554e-05        -5.76411e-05
      5490         3.15661e-05        -5.71232e-05
      5500         2.94768e-05        -5.66054e-05
      5510         2.73875e-05        -5.60875e-05
      5520         2.52982e-05        -5.55696e-05
      5530         2.32089e-05        -5.50518e-05
      5540           2.201e-05         -5.4235e-05
      5550           2.091e-05         -5.3385e-05
      5560           1.981e-05         -5.2535e-05
      5570           1.871e-05         -5.1685e-05
      5580           1.761e-05         -5.0835e-05
      5590           1.651e-05         -4.9985e-05
      5600           1.541e-05         -4.9135e-05
      5610           1.431e-05         -4.8285e-05
      5620           1.321e-05         -4.7435e-05
      5630           1.211e-05         -4.6585e-05
      5640           1.101e-05         -4.5735e-05
      5650            9.91e-06         -4.4885e-05
      5660            8.81e-06         -4.4035e-05
      5670            7.71e-06         -4.3185e-05
      5680            6.61e-06         -4.2335e-05
      5690            5.51e-06         -4.1485e-05
      5700            4.41e-06         -4.0635e-05
      5710            3.31e-06         -3.9785e-05
      5720            2.21e-06         -3.8935e-05
      5730            1.11e-06         -3.8085e-05
      5740         7.42857e-07        -3.73571e-05
      5750         4.57143e-07        -3.66429e-05
      5760         1.71429e-07        -3.59286e-05
      5770        -1.14286e-07        -3.52143e-05
      5780              -4e-07           -3.45e-05
      5790        -6.85714e-07        -3.37857e-05
      5800        -9.71429e-07        -3.30714e-05
      5810        -1.25714e-06        -3.23571e-05
      5820        -1.54286e-06        -3.16429e-05
      5830        -1.82857e-06        -3.09286e-05
      5840        -2.11429e-06        -3.02143e-05
      5850            -2.4e-06           -2.95e-05
      5860        -2.68571e-06        -2.87857e-05
      5870        -2.97143e-06        -2.80714e-05
      5880            -4.2e-06        -2.56375e-05
      5890        -5.53333e-06        -2.30125e-05
      5900        -6.86667e-06        -2.03875e-05
      5910            -8.2e-06        -1.77625e-05
      5920        -9.53333e-06        -1.51375e-05
      5930        -1.08667e-05        -1.25125e-05
      5940           -1.22e-05         -9.8875e-06
      5950        -1.35333e-05         -7.2625e-06
      5960        -1.48667e-05         -4.6375e-06
      5970           -1.62e-05         -2.0125e-06
      5980        -1.75333e-05         6.12502e-07
      5990        -1.88667e-05          3.2375e-06
      6000           -2.02e-05          5.8625e-06
      6010        -2.15333e-05          8.4875e-06
      6020        -2.28667e-05         1.11125e-05
      6030           -2.42e-05         1.37375e-05
      6040        -2.55333e-05         1.63625e-05
      6050        -2.68667e-05         1.89875e-05
      6060           -2.82e-05         2.16125e-05
      6070        -2.95333e-05         2.42375e-05
      6080        -3.08667e-05         2.68625e-05
      6090           -3.22e-05         2.94875e-05
      6100        -3.35333e-05         3.21125e-05
      6110        -3.48667e-05         3.47375e-05
      6120        -3.45781e-05           3.275e-05
      6130        -3.41094e-05           3.025e-05
      6140        -3.36406e-05           2.775e-05
      6150        -3.31719e-05           2.525e-05
      6160        -3.27031e-05           2.275e-05
      6170        -3.22344e-05           2.025e-05
      6180        -3.17656e-05           1.775e-05
      6190        -3.12969e-05           1.525e-05
      6200        -3.08281e-05           1.275e-05
      6210        -3.03594e-05           1.025e-05
      6220        -2.98906e-05            7.75e-06
      6230        -2.94219e-05            5.25e-06
      6240        -2.89531e-05            2.75e-06
      6250        -2.84844e-05         2.50001e-07
      6260        -2.80156e-05           -2.25e-06
      6270        -2.75469e-05           -4.75e-06
      6280        -2.52687e-05        -1.08875e-05
      6290        -2.27896e-05        -1.74292e-05
      6300        -2.03104e-05        -2.39708e-05
      6310        -1.78313e-05        -3.05125e-05
      6320        -1.53521e-05        -3.70542e-05
      6330        -1.28729e-05        -4.35958e-05
      6340        -1.03938e-05        -5.01375e-05
      6350        -7.91458e-06        -5.66792e-05
      6360        -5.43542e-06        -6.32208e-05
      6370        -2.95625e-06        -6.97625e-05
      6380        -4.77083e-07        -7.63042e-05
      6390         2.00208e-06        -8.28458e-05
      6400         4.48125e-06        -8.93875e-05
      6410         6.96042e-06        -9.59292e-05
      6420         9.43958e-06        -0.000102471
      6430         1.19187e-05        -0.000109013
      6440         1.43979e-05        -0.000115554
      6450         1.68771e-05        -0.000122096
      6460         1.93562e-05        -0.000128638
      6470         2.18354e-05        -0.000135179
      6480         2.43146e-05        -0.000141721
      6490         2.67937e-05        -0.000148262
      6500         2.92729e-05        -0.000154804
      6510         3.17521e-05        -0.000161346
      6520         4.00156e-05        -0.000171619
      6530         4.89219e-05        -0.000182306
      6540         5.78281e-05        -0.000192994
      6550         6.67344e-05        -0.000203681
      6560         7.56406e-05        -0.000214369
      6570         8.45469e-05        -0.000225056
      6580         9.34531e-05        -0.000235744
      6590         0.000102359        -0.000246431
      6600         0.000111266        -0.000257119
      6610         0.000120172        -0.000267806
      6620         0.000129078        -0.000278494
      6630         0.000137984        -0.000289181
      6640         0.000146891        -0.000299869
      6650         0.000155797        -0.000310556
      6660         0.000164703        -0.000321244
      6670         0.000173609        -0.000331931
      6680         0.000174927         -0.00033264
      6690         0.000175403         -0.00033224
      6700         0.000175878         -0.00033184
      6710         0.000176353         -0.00033144
      6720         0.000176828         -0.00033104
      6730         0.000177303         -0.00033064
      6740         0.000177778         -0.00033024
      6750         0.000178253         -0.00032984
      6760         0.000178727         -0.00032944
      6770         0.000179202         -0.00032904
      6780         0.000179678         -0.00032864
      6790         0.000180152         -0.00032824
      6800         0.000180627         -0.00032784
      6810         0.000181102         -0.00032744
      6820         0.000181577         -0.00032704
      6830         0.000182052         -0.00032664
      6840         0.000182528         -0.00032624
      6850         0.000183002         -0.00032584
      6860         0.000183478         -0.00032544
      6870         0.000183953         -0.00032504
      6880         0.000183437        -0.000326575
      6890         0.000182812        -0.000328325
      6900         0.000182188        -0.000330075
      6910         0.000181563        -0.000331825
      6920         0.000180937        -0.000333575
      6930         0.000180313        -0.000335325
      6940         0.000179688        -0.000337075
      6950         0.000179062        -0.000338825
      6960         0.000178438        -0.000340575
      6970         0.000177813        -0.000342325
      6980         0.000177187        -0.000344075
      6990         0.000176563        -0.000345825
      7000         0.000175938        -0.000347575
      7010         0.000175312        -0.000349325
      7020         0.000174688        -0.000351075
      7030         0.000174063        -0.000352825
      7040         0.000173437        -0.000354575
      7050         0.000172813        -0.000356325
      7060         0.000172188        -0.000358075
      7070         0.000171562        -0.000359825
      7080         0.000167855        -0.000382815
      7090         0.000163805        -0.000408165
      7100         0.000159755        -0.000433515
      7110         0.000155705        -0.000458865
      7120         0.000151655        -0.000484215
      7130         0.000147605        -0.000509565
      7140         0.000143555        -0.000534915
      7150         0.000139505        -0.000560265
      7160         0.000135455        -0.000585615
      7170         0.000131405        -0.000610965
      7180         0.000127355        -0.000636315
      7190         0.000123305        -0.000661665
      7200         0.000119255        -0.000687015
      7210         0.000115205        -0.000712365
      7220         0.000111155        -0.000737715
      7230         0.000107105        -0.000763065
      7240         0.000103055        -0.000788415
      7250          9.9005e-05        -0.000813765
      7260          9.4955e-05        -0.000839115
      7270          9.0905e-05        -0.000864465
      7280           7.448e-05        -0.000875505
      7290           5.668e-05        -0.000884955
      7300           3.888e-05        -0.000894405
      7310           2.108e-05        -0.000903855
      7320         3.28001e-06        -0.000913305
      7330          -1.452e-05        -0.000922755
      7340          -3.232e-05        -0.000932205
      7350          -5.012e-05        -0.000941655
      7360          -6.792e-05        -0.000951105
      7370          -8.572e-05        -0.000960555
      7380         -0.00010352        -0.000970005
      7390         -0.00012132        -0.000979455
      7400         -0.00013912        -0.000988905
      7410         -0.00015692        -0.000998355
      7420         -0.00017472          -0.0010078
      7430         -0.00019252         -0.00101725
      7440         -0.00021032         -0.00102671
      7450         -0.00022812         -0.00103616
      7460         -0.00024592         -0.00104561
      7470         -0.00026372         -0.00105506
      7480          -0.0002838          -0.0010442
      7490        -0.000304133         -0.00103109
      7500        -0.000324467         -0.00101798
      7510          -0.0003448         -0.00100487
      7520        -0.000380187        -0.000991864
      7530        -0.000438155        -0.000979026
      7540        -0.000496123        -0.000966187
      7550         -0.00055409        -0.000953348
      7560        -0.000612058         -0.00094051
      7570        -0.000670026        -0.000927671
      7580        -0.000727994        -0.000914832
      7590        -0.000785961        -0.000901994
      7600        -0.000843929        -0.000889155
      7610        -0.000901897        -0.000876316
      7620        -0.000959865        -0.000863477
      7630         -0.00101783        -0.000850639
      7640          -0.0010758          -0.0008378
      7650         -0.00113377        -0.000824961
      7660         -0.00119174        -0.000812123
      7670          -0.0012497        -0.000799284
      7680         -0.00127924        -0.000784568
      7690         -0.00130561        -0.000769643
      7700         -0.00133199        -0.000754718
      7710         -0.00135836        -0.000739793
      7720         -0.00138474        -0.000724868
      7730         -0.00141111        -0.000709943
      7740         -0.00143749        -0.000695018
      7750         -0.00146386        -0.000680093
      7760         -0.00149024        -0.000665168
      7770         -0.00151661        -0.000650243
      7780         -0.00154299        -0.000635318
      7790         -0.00156936        -0.000620393
      7800         -0.00159574        -0.000605468
      7810         -0.00162211        -0.000590543
      7820         -0.00164849        -0.000575618
      7830         -0.00167486        -0.000560693
      7840         -0.00170124        -0.000545768
      7850         -0.00172761        -0.000530843
      7860         -0.00175399        -0.000515917
      7870         -0.00178036        -0.000500993
      7880         -0.00178102         -0.00049401
      7890         -0.00177882         -0.00048791
      7900         -0.00177662         -0.00048181
      7910         -0.00177442         -0.00047571
      7920         -0.00177222         -0.00046961
      7930         -0.00172901         -0.00044827
      7940         -0.00168124        -0.000425237
      7950         -0.00163348        -0.000402203
      7960         -0.00158571         -0.00037917
      7970         -0.00153794        -0.000356137
      7980         -0.00149018        -0.000333103
      7990         -0.00144241         -0.00031007
      8000         -0.00139464        -0.000287037
      8010         -0.00134688        -0.000264003
      8020         -0.00129911         -0.00024097
      8030         -0.00125134        -0.000217937
      8040         -0.00120358        -0.000194903
      8050         -0.00115581         -0.00017187
      8060         -0.00110804        -0.000148837
      8070         -0.00106028        -0.000125803
      8080         -0.00103975         -0.00011155
      8090         -0.00102225        -9.82722e-05
      8100         -0.00100475        -8.49944e-05
      8110         -0.00098725        -7.17167e-05
      8120         -0.00096975        -5.84389e-05
      8130         -0.00095225        -4.51611e-05
      8140         -0.00093475        -3.18833e-05
      8150         -0.00091725        -1.86056e-05
      8160         -0.00089975        -5.32778e-06
      8170        -0.000827636        -1.05455e-06
      8180        -0.000749455         2.21818e-06
      8190        -0.000671273         5.49091e-06
      8200        -0.000593091         8.76364e-06
      8210        -0.000514909         1.20364e-05
      8220        -0.000436727         1.53091e-05
      8230        -0.000358545         1.85818e-05
      8240        -0.000280364         2.18545e-05
      8250        -0.000202182         2.51273e-05
      8260           -0.000124            2.84e-05
      8270        -4.58182e-05         3.16727e-05
      8280         4.23571e-06         3.51179e-05
      8290         5.11643e-05         3.85821e-05
      8300         9.80929e-05         4.20464e-05
      8310         0.000145021         4.55107e-05
      8320          0.00019195          4.8975e-05
      8330         0.000238879         5.24393e-05
      8340         0.000285807         5.59036e-05
      8350         0.000332736         5.93679e-05
      8360         0.000379664         6.28321e-05
      8370         0.000426593         6.62964e-05
      8380         0.000473521         6.97607e-05
      8390          0.00052045          7.3225e-05
      8400         0.000567379         7.66893e-05
      8410         0.000614307         8.01536e-05
      8420         0.000661236         8.36179e-05
      8430         0.000708164         8.70821e-05
      8440         0.000755093         9.05464e-05
      8450         0.000802021         9.40107e-05
      8460          0.00084895          9.7475e-05
      8470         0.000895879         0.000100939
      8480         0.000942807         0.000104404
      8490         0.000989736         0.000107868
      8500          0.00103666         0.000111332
      8510          0.00108359         0.000114796
      8520          0.00113052         0.000118261
      8530          0.00117745         0.000121725
      8540          0.00122438         0.000125189
      8550          0.00127131         0.000128654
      8560          0.00128923          0.00013593
      8570          0.00130393          0.00014363
      8580          0.00131863          0.00015133
      8590          0.00133333          0.00015903
      8600          0.00134803          0.00016673
      8610          0.00136273          0.00017443
      8620          0.00137743          0.00018213
      8630          0.00139213          0.00018983
      8640          0.00140683          0.00019753
      8650          0.00142153          0.00020523
      8660          0.00140671          0.00019799
      8670          0.00138861          0.00018909
      8680          0.00137051          0.00018019
      8690          0.00135241          0.00017129
      8700          0.00133431          0.00016239
      8710          0.00131621          0.00015349
      8720          0.00129811          0.00014459
      8730          0.00128001          0.00013569
      8740          0.00126191          0.00012679
      8750          0.00124381          0.00011789
      8760          0.00121133         0.000110475
      8770          0.00117726         0.000103225
      8780          0.00114318          9.5975e-05
      8790          0.00110911          8.8725e-05
      8800          0.00107503          8.1475e-05
      8810          0.00104096          7.4225e-05
      8820          0.00100688          6.6975e-05
      8830         0.000972807          5.9725e-05
      8840         0.000938732          5.2475e-05
      8850         0.000904657          4.5225e-05
      8860         0.000870583          3.7975e-05
      8870         0.000836508          3.0725e-05
      8880         0.000802432          2.3475e-05
      8890         0.000768358          1.6225e-05
      8900         0.000734283           8.975e-06
      8910         0.000700208           1.725e-06
      8920         0.000666132          -5.525e-06
      8930         0.000632058         -1.2775e-05
      8940         0.000597983         -2.0025e-05
      8950         0.000563908         -2.7275e-05
      8960         0.000551902        -2.69393e-05
      8970         0.000542348        -2.57607e-05
      8980         0.000532795        -2.45821e-05
      8990         0.000523241        -2.34036e-05
      9000         0.000513687         -2.2225e-05
      9010         0.000504134        -2.10464e-05
      9020          0.00049458        -1.98679e-05
      9030         0.000485027        -1.86893e-05
      9040         0.000475473        -1.75107e-05
      9050          0.00046592        -1.63321e-05
      9060         0.000456366        -1.51536e-05
      9070         0.000446813         -1.3975e-05
      9080         0.000437259        -1.27964e-05
      9090         0.000427705        -1.16179e-05
      9100         0.000418152        -1.04393e-05
      9110         0.000408598        -9.26071e-06
      9120         0.000399045        -8.08214e-06
      9130         0.000389491        -6.90357e-06
      9140         0.000379938          -5.725e-06
      9150         0.000370384        -4.54643e-06
      9160          0.00036083        -3.36786e-06
      9170         0.000351277        -2.18929e-06
      9180         0.000341723        -1.01071e-06
      9190          0.00033217         1.67859e-07
      9200         0.000322616         1.34643e-06
      9210         0.000313062           2.525e-06
      9220         0.000303509         3.70357e-06
      9230         0.000293955         4.88214e-06
      9240          0.00028769               5e-08
      9250          0.00028179           -5.45e-06
      9260          0.00027589          -1.095e-05
      9270          0.00026999          -1.645e-05
      9280          0.00026409          -2.195e-05
      9290          0.00025819          -2.745e-05
      9300          0.00025229          -3.295e-05
      9310          0.00024639          -3.845e-05
      9320          0.00024049          -4.395e-05
      9330          0.00023459          -4.945e-05
      9340            0.000234              -5e-05
      9350            0.000234              -5e-05
      9360            0.000234              -5e-05
      9370            0.000234              -5e-05
      9380            0.000234              -5e-05
      9390            0.000234              -5e-05
      9400            0.000234              -5e-05
      9410            0.000234              -5e-05
      9420            0.000234              -5e-05
      9430            0.000234              -5e-05
      9440            0.000234              -5e-05
      9450            0.000234              -5e-05
      9460            0.000234              -5e-05
      9470            0.000234              -5e-05
      9480            0.000234              -5e-05
      9490            0.000234              -5e-05
      9500            0.000234              -5e-05
      9510            0.000234              -5e-05
      9520            0.000234              -5e-05
      9530            0.000234              -5e-05
      9540                   0                   0
      9550                   0                   0
      9560                   0                   0
      9570                   0                   0
      9580                   0                   0
      9590                   0                   0
      9600                   0                   0
      9610                   0                   0
      9620                   0                   0
      9630                   0                   0
      9640                   0                   0
      9650                   0                   0
      9660                   0                   0
      9670                   0                   0
      9680                   0                   0
      9690                   0                   0
      9700                   0                   0
      9710                   0                   0
      9720                   0                   0
      9730                   0                   0
      9740                   0                   0
      9750                   0                   0
      9760                   0                   0
      9770                   0                   0
      9780                   0                   0
      9790                   0                   0
      9800                   0                   0
      9810                   0                   0
      9820                   0                   0
      9830                   0                   0
      9840                   0                   0
      9850                   0                   0
      9860                   0                   0
      9870                   0                   0
      9880                   0                   0
      9890                   0                   0
      9900                   0                   0
      9910                   0                   0
      9920                   0                   0
      9930                   0                   0
      9940                   0                   0
      9950                   0                   0
      9960                   0                   0
      9970                   0                   0
      9980                   0                   0
      9990                   0                   0
     10000                   0                   0
