     54.0000      9.0000    -80.0000     20.0000      9.0000    -80.0000     20.0000
    200.0000      9.0000    -80.0000     20.0000     11.0000   -100.0000     20.0000
    300.0000      9.0000    -80.0000     20.0000      9.0000    -80.0000     20.0000
    580.0000      9.0000    -80.0000     20.0000      9.0000    -80.0000     20.0000
    780.0000      9.0000    -80.0000     20.0000      9.0000    -80.0000     20.0000
    880.0000      9.0000    -80.0000     20.0000      9.0000    -80.0000     20.0000
    980.0000      7.0000    -60.0000     20.0000      7.0000    -60.0000     20.0000
   1260.0000      9.0000    -80.0000     20.0000      9.0000    -80.0000     20.0000
   1370.0000      7.0000    -60.0000     20.0000      7.0000    -60.0000     20.0000
   1460.0000      9.0000    -80.0000     20.0000      9.0000    -80.0000     20.0000
   1610.0000      7.0000    -60.0000     20.0000      7.0000    -60.0000     20.0000
   1660.0000      7.0000    -60.0000     20.0000      7.0000    -60.0000     20.0000
   1860.0000      9.0000    -80.0000     20.0000      9.0000    -80.0000     20.0000
   2015.0000      7.0000    -60.0000     20.0000      7.0000    -60.0000     20.0000
   2060.0000      7.0000    -60.0000     20.0000      7.0000    -60.0000     20.0000
   2260.0000      7.0000    -60.0000     20.0000      7.0000    -60.0000     20.0000
   2460.0000      7.0000    -60.0000     20.0000      7.0000    -60.0000     20.0000
   2660.0000      7.0000    -60.0000     20.0000      7.0000    -60.0000     20.0000
   2860.0000      7.0000    -80.0000     20.0000      7.0000    -80.0000     20.0000
   3020.0000      7.0000    -60.0000     20.0000      7.0000    -60.0000     20.0000
   3260.0000      7.0000    -60.0000     20.0000      7.0000    -60.0000     20.0000
   3420.0000      7.0000    -60.0000     20.0000      7.0000    -60.0000     20.0000
   3660.0000      7.0000    -60.0000     20.0000      7.0000    -60.0000     20.0000
   3800.0000      7.0000    -60.0000     20.0000      7.0000    -60.0000     20.0000
   4000.0000      7.0000    -60.0000     20.0000      7.0000    -60.0000     20.0000
   4280.0000      7.0000    -60.0000     20.0000      7.0000    -60.0000     20.0000
   4595.0000      6.0000    -50.0000     20.0000      6.0000    -50.0000     20.0000
   4910.0000      7.0000    -60.0000     20.0000      7.0000    -60.0000     20.0000
   5146.0000      6.0000    -50.0000     20.0000      6.0000    -50.0000     20.0000
   5410.0000      7.0000    -60.0000     20.0000      7.0000    -60.0000     20.0000
   5691.0000      6.0000    -50.0000     20.0000      6.0000    -50.0000     20.0000
   5700.0000      7.0000    -60.0000     20.0000      7.0000    -60.0000     20.0000
   6080.0000      5.0000    -40.0000     20.0000      5.0000    -40.0000     20.0000
   6100.0000      5.0000    -40.0000     20.0000      5.0000    -40.0000     20.0000
   6130.0000      5.0000    -40.0000     20.0000      7.0000    -60.0000     20.0000
   6202.0000      5.0000    -40.0000     20.0000      7.0000    -60.0000     20.0000
   6588.0000      5.0000    -40.0000     20.0000      7.0000    -60.0000     20.0000
   6990.0000      7.0000    -60.0000     20.0000      7.0000    -60.0000     20.0000
   7430.0000      7.0000    -60.0000     20.0000      7.0000    -60.0000     20.0000
   7830.0000      7.0000    -60.0000     20.0000      7.0000    -60.0000     20.0000
   8200.0000      5.0000    -40.0000     20.0000      7.0000    -60.0000     20.0000
   8430.0000      5.0000    -40.0000     20.0000      7.0000    -60.0000     20.0000
   8800.0000      5.0000    -40.0000     20.0000      7.0000    -60.0000     20.0000
   9000.0000      5.0000    -40.0000     20.0000      7.0000    -60.0000     20.0000
   9200.0000      5.0000    -40.0000     20.0000      7.0000    -60.0000     20.0000
   9408.0000      5.0000    -40.0000     20.0000      7.0000    -60.0000     20.0000
   9607.0000      5.0000    -40.0000     20.0000      5.0000    -40.0000     20.0000
   9810.0000      5.0000    -40.0000     20.0000      7.0000    -60.0000     20.0000
  10031.0000      5.0000    -40.0000     20.0000      5.0000    -40.0000     20.0000
  10220.0000      5.0000    -40.0000     20.0000      7.0000    -60.0000     20.0000
  10431.0000      5.0000    -40.0000     20.0000      5.0000    -40.0000     20.0000
  10610.0000      5.0000    -40.0000     20.0000      7.0000    -60.0000     20.0000
  10806.0000      5.0000    -40.0000     20.0000      5.0000    -40.0000     20.0000
  11020.0000      5.0000    -40.0000     20.0000      7.0000    -60.0000     20.0000
  11179.0000     19.1000     20.2000     20.5000     21.5000     22.2000     21.6000
     22.5000     20.8000     21.2000     17.6000     21.2000     22.0000     22.5000
     22.7000     22.0000     21.1000     18.5000     16.2000     21.9000     22.8000
     23.2000     23.3000     23.2000     22.5000     21.1000     17.9000     15.4000
     25.0000     24.8000     24.2000     24.1000     23.7000     22.8000     21.5000
     18.4000     16.0000     26.9000     25.9000     25.0000     24.3000     23.4000
     22.8000     21.7000     19.2000     17.1000     28.0000     26.5000     25.3000
     24.5000     23.9000     23.3000     22.8000     21.0000     20.1000     28.6000
     26.0000     24.9000     24.2000     23.7000     23.5000     23.6000     23.0000
     23.7000     26.9000     24.1000     23.2000     23.1000     23.0000     24.0000
     24.2000     25.4000     28.4000     22.0000     20.1000     20.6000     21.0000
     21.7000     23.9000     23.8000     27.5000     33.7000     -2.1000     -4.2000
     -2.4000     -1.0000      0.0000      0.9000      2.7000      1.1000     -4.3000
     -6.4000     -4.9000     -2.9000     -2.0000     -1.3000     -0.3000      0.9000
     -0.3000     -2.2000     -9.2000     -6.6000     -4.3000     -3.3000     -2.7000
     -1.9000     -0.7000     -0.8000     -0.9000     -9.3000     -7.7000     -5.5000
     -4.8000     -4.5000     -3.7000     -2.2000     -1.7000     -1.1000     -7.1000
     -6.1000     -5.6000     -5.5000     -5.0000     -4.3000     -4.3000     -1.1000
     -1.2000     -7.8000     -7.7000     -8.0000     -8.2000     -8.6000     -6.8000
     -6.5000     -4.9000     -4.4000     -6.6000     -7.4000     -9.1000     -9.9000
    -10.6000     -9.3000     -9.1000     -7.3000     -6.6000     -3.1000     -6.6000
     -9.7000    -11.6000    -13.0000    -12.2000    -12.6000    -11.1000     -9.7000
      2.0000     -5.8000    -10.0000    -13.0000    -15.4000    -15.2000    -16.7000
    -16.8000    -14.8000     29.4200     35.9000     37.2500     36.7000     38.7500
     40.9000     34.5000     31.3200     33.8700     27.5500     33.0500     33.9500
     34.4500     34.7000     35.7500     34.2500     31.9500     32.3500     30.8000
     32.1000     32.4000     33.3000     32.2000     32.2500     32.2500     29.3500
     25.1000     31.4500     31.4000     31.8000     31.9000     31.4000     30.7500
     29.9000     27.7500     25.6000     31.4500     31.6000     31.2500     31.4000
     30.6500     30.9000     28.6000     25.9000     25.5500     31.1000     32.0500
     32.0500     31.1000     29.3000     27.6500     26.9000     26.2500     25.0000
     32.2000     31.9000     31.5500     30.9000     29.6000     29.2000     27.9500
     26.9000     25.6000     32.4000     32.1000     31.6000     31.0500     30.2500
     29.6500     29.0000     27.9500     26.1000     32.6000     32.4000     31.9500
     31.1500     30.4500     29.9500     29.4000     28.8000     27.7500     31.7500
     33.5500     32.8000     32.8000     30.9500     31.3000     29.9500     29.2000
     29.9500     32.8000     34.3500     34.0000     34.0000     31.5500     30.9000
     31.0000     30.3500     30.9300     22.0700     16.4500     12.2000     11.3500
      7.7500      1.6500      1.9000      0.5500     -5.5500     14.6500     12.9000
      9.7000      7.7000      6.6500      4.0000     -1.5500     -1.5000     -7.3000
      5.8500      5.9500      5.6500      3.9500      3.7000      2.3000      0.5000
     -1.9500     -4.3000      2.5500      3.7000      2.9500      2.1500      1.4500
      0.5000      0.6000      0.7500     -2.0000      0.2000      1.1500      0.9500
      0.5000      0.2000     -1.7000     -0.9500     -2.4000     -2.4000     -2.5500
     -2.9000     -3.1000     -3.0500      0.5000      0.4500     -4.4500     -3.4000
     -3.1500     -5.8000     -5.5500     -5.5000     -5.5500     -5.0000     -5.9500
     -5.7500     -4.7000     -5.0500     -8.4000     -8.4500     -7.9500     -7.8000
     -7.8000     -7.7500     -7.3500     -6.8000     -6.0000    -11.8000    -11.5000
    -10.9000    -10.5500    -10.1000    -10.0000     -9.4500     -9.3000     -8.6000
    -16.7000    -15.4000    -14.0000    -13.4500    -13.1500    -12.2500    -12.4500
    -11.8500    -10.0000    -20.7200    -18.4000    -16.9500    -16.4000    -16.3500
    -15.6500    -14.2500    -13.6200    -12.2000     54.7500     53.2000     55.2000
     56.9500     58.2500     58.1000     57.3500     55.9500     64.1500     49.6500
     53.3500     55.3000     56.5000     57.6000     57.6000     56.7000     55.0000
     52.9000     47.3500     52.2000     54.5000     56.1000     57.0000     56.9000
     55.5500     53.2500     49.6000     46.1500     51.5000     54.1000     55.5500
     56.4000     56.0500     54.8000     52.0000     47.8500     47.7500     51.4500
     53.9000     55.5000     56.0500     55.7500     54.1500     51.3000     47.2000
     49.2500     51.9500     54.3000     55.9000     56.3000     55.6500     54.0500
     51.5000     47.2000     48.6000     51.9000     52.8500     55.9500     56.5000
     55.3500     54.4500     51.6000     46.9500     46.7000     51.5000     55.1500
     56.5500     56.7500     56.0500     54.4000     51.9500     48.9000     37.2000
     50.3000     58.6500     57.5000     56.6000     55.7000     54.6500     52.6000
     52.5500      1.5000      2.5500      3.4500      3.3500      2.8500      2.0000
      1.9500      2.0000      2.3500      5.3000      3.0000      2.6500      2.0500
      1.4500      1.5500      1.4000      1.9000     -4.4500      2.0500      2.1500
      1.2000      1.9000     -0.2000     -1.3000     -2.0000     -3.1500     -5.2000
     -0.2500      0.3500     -0.5500     -0.6500     -1.8500     -2.6000     -3.0000
     -3.6500     -4.9000      0.9000     -2.3500     -2.1500     -2.2500     -2.8000
     -3.2000     -3.6000     -4.0000     -4.8500     -4.1500     -4.0000     -3.9000
     -3.8500     -4.1000     -4.5000     -4.1000     -4.5500     -5.1000     -6.1000
     -5.2500     -5.6000     -5.8000     -5.5000     -6.1500     -5.9000     -5.8000
     -6.0500     -6.0000     -8.0500     -7.8500     -8.2000     -7.9500     -7.3000
     -6.7500     -6.8500     -5.3000     -3.5000    -12.0500    -10.4500     -6.9000
     -8.8500     -9.1000     -9.5000     -8.7500     -7.1500     88.6000     95.8000
    107.2000    114.2000    123.1000    132.6000    143.6000    156.0500    177.8500
     83.4000     93.9000    104.0000    113.3500    123.0500    133.4500    144.7500
    157.8000    171.8000     82.9500     93.3000    103.2500    113.1000    123.0500
    133.9500    145.2000    157.8000    171.5500     83.6500     93.3000    103.1500
    113.0500    123.5000    134.4000    145.5000    157.6500    170.4000     84.6000
     93.9000    103.7000    113.7500    124.2000    134.9500    146.0000    157.7500
    169.2500     85.6500     94.7500    104.6000    114.5500    125.2500    136.1000
    147.4000    158.7000    169.9000     87.0000     96.2000    105.6000    115.9000
    126.4000    137.3500    148.5000    161.1000    172.5000     89.2000     97.8000
    107.3000    116.4000    127.8500    139.1500    151.5500    163.6500    176.5000
     92.5000    101.4500    108.9000    118.1500    128.1000    140.1000    153.5000
    166.5000    178.6000      7.2000      5.8500      4.0500      3.0000      2.1500
      2.8000      4.0000      6.4000     10.7000      8.6500      7.1000      6.2500
      6.0000      5.0500      5.7500      5.6500      6.2000      6.0000      7.7500
      8.1000      7.8000      7.7000      7.4000      7.4500      7.7000      7.7000
      6.4500      7.9000      8.7000      9.2500     10.0000      9.5000     10.5500
     10.1000     10.1000      9.5500      8.7500      9.5500     11.0500     11.7000
     11.7000     12.0500     12.9500     13.7000     14.3000      9.8000     13.8000
     11.9000     12.9500     14.2500     14.6000     15.6000     17.1000     19.2500
     10.7000     11.8500     13.5500     14.7500     15.8000     17.2000     18.3500
     20.0500     24.1000     11.1500     14.3000     15.6500     16.9000     17.8500
     18.9000     21.2500     22.6500     24.6500      8.9500     14.9500     18.3500
     19.1000     19.6500     19.8500     21.0000     21.5000     24.7500    114.6000
    117.4000    122.2000    128.2000    136.7000    143.8000    149.0000    158.0000
    296.2000     98.2000    112.2000    119.5000    127.6000    137.6000    147.2000
    157.9000    173.4000    196.2000     93.7000    108.4000    117.7000    127.8000
    138.7000    151.0000    163.6000    181.5000    180.0000     92.9000    106.8000
    116.9000    128.2000    140.2000    153.6000    167.6000    186.4000    170.0000
     94.6000    103.8000    117.4000    129.8000    142.3000    157.0000    173.2000
    190.0000    180.0000     95.9000    105.6000    117.2000    129.8000    142.6000
    157.7000    173.6000    191.9000    180.0000     97.5000    106.9000    118.4000
    131.6000    144.9000    159.9000    176.1000    194.6000    200.0000     98.4000
    107.8000    119.8000    133.3000    147.1000    162.2000    178.5000    197.5000
    210.0000     99.5000    109.0000    121.0000    135.5000    150.8000    164.8000
    180.8000    160.0000    210.0000     28.8000     20.7000     12.8000      9.9000
     11.4000     12.1000     17.5000     33.8000     43.8000     27.4000     24.3000
     17.0000     13.6000     15.8000     17.1000     22.0000     32.3000     43.8000
     22.5000     22.9000     17.1000     16.6000     16.1000     19.3000     23.5000
     30.1000     36.8000     19.2000     21.6000     17.0000     17.0000     18.2000
     20.5000     23.9000     26.2000     30.5000     16.6000     20.4000     20.8000
     19.9000     20.6000     22.6000     25.8000     27.8000     30.0000     13.4000
     18.1000     17.6000     18.8000     19.3000     22.2000     24.6000     27.0000
     29.6000     13.4000     18.1000     18.4000     20.1000     20.1000     23.7000
     26.0000     28.5000     31.9000     14.5000     18.9000     19.3000     20.8000
     21.9000     25.7000     28.1000     30.8000     34.9000     15.1000     21.2000
     19.9000     21.9000     23.8000     29.1000     30.7000     32.2000     34.9000
    105.0000    106.9000    110.5000    116.7500    124.9500    133.9000    144.0500
    155.2000    107.2000    100.0000    102.1000    109.5500    117.1500    125.7500
    135.4500    147.0000    160.0500     92.6000     94.0000     99.6000    108.3500
    117.1000    126.4000    137.0500    149.6500    165.4000     89.8000     90.0000
     98.2000    107.6500    116.7500    127.1500    138.2500    151.3000    167.0000
     88.8000     92.0000     99.1000    108.5500    117.8000    127.6000    139.2500
    152.0000    168.1500     89.8000     91.0000    100.2000    108.7500    118.1500
    128.4500    139.7000    152.4500    167.2000     91.7000     91.0000    101.4500
    109.8000    119.5000    129.1000    140.6000    152.8000    167.3500     94.5500
     91.0000    101.8500    110.4500    120.5500    130.6000    141.7000    153.4500
    167.4000     95.7000     91.0000    102.2000    110.7500    123.3500    132.5500
    143.4000    154.3000    166.9500     95.5000     25.0000     24.9000     25.3500
     23.5500     23.1000     23.5500     25.8000     31.2000     35.6500     23.0000
     24.7500     22.3000     21.4500     21.8500     23.1500     25.5000     29.5500
     29.4000     20.0000     20.9000     20.1000     19.1000     19.8000     20.5500
     22.2300     24.5500     22.5000     15.0000     15.3500     15.7000     16.0500
     16.0000     17.0500     18.5500     19.6500     16.0000     10.0000     10.9500
     11.5000     12.8500     12.9000     13.8500     14.8500     14.6000      9.6500
      6.0000      6.0000      7.7000      8.2500      8.9000     10.5000     10.0000
     10.6500      4.4000      3.0000      3.0500      3.3500      5.1500      5.7500
      7.0500      7.2000      7.8500      1.8000      1.0000      1.1000      1.5000
      1.6000      3.3000      4.2000      5.4000      6.2500      2.5000     -1.0000
     -1.4500     -1.8000     -6.3500      0.4500      4.9500      4.6500      3.6000
      0.2500   -112.6500    -59.8500    -28.1000     -4.8500     13.6000     47.1500
    104.6500    -74.9000    -42.0500    -22.0500     -6.1500     10.3500     33.0000
     71.6000    -59.6000    -34.6000    -19.1000     -8.2000      9.6000     28.6000
     61.8000    -55.9500    -32.0000    -16.7500     -3.8000     10.0500     28.3000
     60.4500    -59.8500    -34.6000    -18.0000      3.7000     11.2000     30.4000
     63.9000    -77.8500    -43.7000    -21.1000     -3.8500     14.1500     38.8000
     80.5000   -118.2500    -64.3000    -28.1000     -4.0500     20.0500     58.9500
    121.8500   -100.3000    -62.4500    -47.9500     -7.5500    -45.0000    -58.8500
    -93.8000    -49.3000    -31.9000    -24.0000    -20.8000    -21.1500    -25.8000
    -39.6500    -18.4000    -12.8000     -9.2000    -43.6000     -7.1500     -8.0500
    -10.2500      2.8000      2.7000      2.8500      3.2000      3.7000      4.6000
      5.5000     25.9500     18.6000     15.6000     14.6500     15.2000     18.2500
     28.9500     62.4500     41.4000     32.6000     30.0000     31.9000     39.8500
     60.5500    118.6500     78.5500     61.5000     57.9000     61.0000     77.8000
    120.5000    -88.8000    -79.3000    -81.9000    -81.1000    -92.2000    -92.9000
    -87.5000    -91.0000   -101.1000    -86.6000    -83.2000    -83.3000    -81.3000
    -92.1000    -92.3000    -87.7000    -88.2000    -86.7000    -84.7000    -83.6000
    -83.7000    -81.5000    -91.2000    -91.9000    -85.8000    -86.1000    -84.3000
    -84.4000    -82.9000    -83.3000    -81.2000    -91.1000    -91.4000    -84.5000
    -85.0000    -84.8000    -79.1000    -79.6000    -82.6000    -82.3000    -89.8000
    -80.2000    -78.9000    -81.0000    -80.0000    -86.0000    -81.8000    -81.5000
    -82.7000    -83.3000    -83.8000    -84.3000    -85.2000    -87.9000    -86.8000
    -81.6000    -82.8000    -82.1000    -82.8000    -83.4000    -84.1000    -86.5000
    -89.2000    -86.2000    -81.1000    -81.5000    -81.2000    -82.1000    -83.2000
    -83.9000    -86.5000    -90.6000    -88.0000    -78.9000    -80.0000    -79.2000
    -80.9000    -82.8000    -83.8000    -87.2000    -91.0000    -15.7000     -8.3000
    -15.3000    -15.5000    -23.9000    -28.5000     -7.4000    -11.8000     -8.4000
     -8.4000     -7.2000    -10.8000    -11.4000    -20.1000    -23.5000     -2.2000
     -3.5000     -1.7000     -4.6000     -5.6000     -7.0000     -7.0000    -16.2000
    -18.4000     -0.6000      1.6000     -1.1000     -0.9000     -1.3000     -3.4000
     -2.7000    -10.6000    -13.9000      4.3000      4.4000      2.0000     -8.5000
     -6.6000     -7.4000     -6.3000     -0.4000      0.1000     -0.5000     -4.7000
     -5.3000      6.3000      5.8000      5.2000     -2.2000     -1.8000      5.6000
      2.0000     12.6000      7.4000     14.6000     11.3000     10.5000      5.2000
      3.1000     10.6000      5.9000     18.4000     13.8000     20.4000     15.7000
     15.0000     11.5000      8.4000     16.9000     12.8000     23.8000     19.6000
     25.7000     16.5000     17.7000     16.0000     13.5000     21.8000     16.8000
     28.9000     22.9000    -95.4000    -98.9500   -102.6000   -106.6500   -111.9500
   -116.3000   -121.5000    -94.1500    -98.2000   -102.2000   -106.3500   -111.4000
   -116.5000   -122.0000    -93.1500    -97.2500   -101.5500   -106.2500   -111.6000
   -117.3000   -122.6000    -92.2000    -96.9500   -101.3500   -105.5500   -110.7000
   -116.2500   -122.2000    -92.4500    -96.7500   -101.5500   -105.4000   -110.7000
   -116.6500   -123.3000    -92.0500    -96.5500   -101.4500   -105.6000   -110.4000
   -117.0500   -122.3500    -91.5500    -95.7500    -99.6500   -104.1500   -109.9000
   -114.5000   -120.9000    -20.0500    -16.0500    -18.4500    -18.2500    -17.5000
    -18.0500    -18.5500    -16.9500    -15.3000    -17.1000    -16.3500    -16.5000
    -15.9000    -16.4000    -15.4000    -16.2500    -16.1000    -13.3500    -14.4500
    -10.7500    -16.7500    -14.5000    -13.4500    -13.4000    -12.3500    -12.3500
    -11.1000    -12.7000    -17.3000    -12.4500    -10.8500    -10.1000    -10.1000
     -9.5000     -7.8500     -9.7000    -11.4500     -8.9500     -7.4000     -6.8000
     -6.0500     -4.2000     -8.5000     -8.0000     -5.7000     -3.7000     -2.3000
      0.1500      0.4000   -132.0000   -153.1000   -159.1000   -165.0000   -176.4000
   -182.4000   -220.0000   -210.0000   -270.0000   -132.0000   -145.1000   -155.7000
   -163.4000   -176.8000   -186.2000   -230.0000   -240.0000   -270.0000   -126.7000
   -140.6000   -153.4000   -162.8000   -178.4000   -189.6000   -240.0000   -240.0000
   -280.0000   -124.4000   -137.3000   -152.4000   -162.9000   -179.0000   -192.6000
   -240.0000   -260.0000   -270.0000   -120.8000   -134.6000   -149.0000   -161.1000
   -177.2000   -193.0000   -230.0000   -250.0000   -280.0000   -120.4000   -135.4000
   -151.9000   -164.0000   -181.4000   -198.5000   -240.0000   -260.0000   -260.0000
   -126.1000   -136.8000   -152.8000   -164.5000   -182.2000   -199.0000   -240.0000
   -260.0000   -260.0000   -130.2000   -139.0000   -153.8000   -165.0000   -182.4000
   -198.6000   -240.0000   -260.0000   -260.0000   -141.4000   -142.0000   -155.5000
   -165.5000   -181.6000   -198.1000   -230.0000   -250.0000   -260.0000    -52.7000
    -40.1000    -35.7000    -33.3000    -31.2000    -29.1000    -35.8000    -56.5000
    -65.8000    -52.7000    -46.0000    -40.6000    -39.1000    -37.9000    -37.8000
    -42.0000    -58.7000    -65.8000    -49.5000    -47.7000    -45.2000    -43.4000
    -42.8000    -40.9000    -46.1000    -57.9000    -57.6000    -48.2000    -47.8000
    -47.0000    -46.9000    -45.7000    -43.5000    -47.4000    -57.5000    -54.1000
    -45.5000    -47.5000    -47.8000    -47.6000    -46.9000    -45.7000    -51.9000
    -53.7000    -50.9000    -47.0000    -48.8000    -50.9000    -49.9000    -50.7000
    -42.7000    -53.8000    -54.3000    -51.7000    -47.8000    -50.2000    -53.2000
    -53.5000    -55.0000    -43.5000    -54.3000    -53.8000    -48.3000    -46.8000
    -54.0000    -54.9000    -56.5000    -57.8000    -45.3000    -54.3000    -52.3000
    -44.3000    -50.7000    -59.5000    -60.2000    -58.4000    -60.6000    -46.7000
    -53.5000    -49.7000    -44.3000   -142.3500   -153.2000   -164.2500   -175.2500
   -188.1500   -250.0000   -300.0000   -137.6000   -150.6000   -163.3500   -176.5500
   -190.7500   -265.0000   -230.0000   -135.3000   -149.1500   -163.6500   -177.6000
   -193.2500   -290.0000   -250.0000   -134.1000   -148.4000   -162.1000   -178.3000
   -195.1000   -280.0000   -260.0000   -135.8000   -149.0000   -164.0000   -179.5500
   -196.6000   -250.0000   -275.0000   -137.5000   -150.3000   -164.2500   -176.1500
   -197.2500   -280.0000   -270.0000   -140.3500   -151.8000   -165.3000   -179.8500
   -196.4500   -240.0000   -290.0000    -45.8500    -41.0000    -38.4500    -37.6000
    -39.8500    -58.0500    -46.7000    -48.0000    -43.8000    -42.9000    -43.1500
    -44.8000    -55.9000    -49.3500    -48.2000    -47.0500    -46.8000    -46.6000
    -47.9000    -56.6000    -53.1000    -49.6000    -49.4500    -49.5500    -49.9500
    -51.3500    -59.0500    -52.7000    -50.6500    -51.4000    -51.7000    -52.8500
    -52.1500    -53.5500    -54.0500    -52.5000    -53.8000    -54.3000    -54.2000
    -53.8500    -54.8000    -53.9500    -54.9000    -57.2000    -57.4500    -57.3000
    -55.3500    -56.5500    -54.4000   -110.5000   -116.4000   -120.8500   -127.0000
   -132.0000   -136.9500   -140.6500   -107.0500   -113.2500   -119.9000   -126.2000
   -132.1500   -138.1000   -143.3000   -105.2000   -110.7000   -118.4000   -125.8000
   -132.5500   -138.7500   -144.3500   -100.4000   -108.8500   -117.1500   -125.5500
   -132.7500   -139.9500   -145.2500    -98.5500   -107.2500   -116.1000   -124.3000
   -132.3500   -139.2000   -144.8500    -98.0000   -106.7500   -115.0000   -124.2000
   -132.1500   -140.1000   -146.1000    -97.2000   -105.0000   -113.8500   -122.2500
   -131.0000   -139.1500   -145.9000    -88.7000    -85.0000    -82.7500    -81.5000
    -81.3500    -82.2000    -85.5500    -88.0000    -84.9500    -82.8500    -81.9000
    -81.4500    -82.1000    -83.4000    -86.4000    -84.1500    -82.3500    -81.7000
    -81.1000    -81.0000    -81.4500    -84.3500    -81.9500    -80.8000    -79.8000
    -79.5500    -80.1500    -80.5000    -80.1500    -79.8500    -78.5000    -77.8500
    -77.9500    -77.5000    -78.4000    -78.1500    -76.5000    -76.2000    -75.2500
    -74.9500    -75.1000    -75.6000    -76.1000    -74.4000    -72.0500    -71.4000
    -69.9500    -69.7000    -69.1000    -33.0000    -32.3000    -27.2000    -28.5000
    -28.6000    -33.7000    -37.0000    -35.2000    -30.0000    -33.0000    -33.6000
    -30.3000    -31.7000    -32.0000    -33.5000    -33.4000    -30.8000    -30.0000
    -30.7000    -32.9000    -31.3000    -32.6000    -32.6000    -32.3000    -30.7000
    -27.4000    -22.8000    -28.5000    -31.7000    -31.9000    -32.5000    -32.2000
    -31.6000    -29.5000    -24.7000    -17.8000    -30.7000    -33.8000    -34.5000
    -35.0000    -35.7000    -34.2000    -33.2000    -27.3000    -24.6000    -28.0000
    -29.4000    -31.2000    -32.1000    -32.1000    -30.8000    -28.6000    -25.1000
    -27.6000    -27.6000    -28.8000    -30.3000    -31.8000    -42.3000    -31.9000
    -30.1000    -27.1000    -24.0000    -24.0000    -27.7000    -30.2000    -31.8000
    -42.5000    -32.7000    -32.2000    -29.7000    -30.0000    -24.0000    -27.2000
    -30.2000    -33.3000    -42.4000    -33.5000    -34.4000    -34.8000    -30.0000
   -119.8000   -121.6000   -128.8000   -134.9000   -139.0000   -140.4000   -136.8000
   -129.0000   -117.0000   -119.8000   -116.0000   -118.7000   -120.9000   -123.0000
   -124.4000   -120.9000   -117.7000   -117.0000   -113.5000   -108.9000   -110.4000
   -110.6000   -111.3000   -111.8000   -110.7000   -107.2000   -108.8000   -106.1000
   -101.5000   -102.7000   -102.8000   -102.5000   -102.5000   -102.2000    -99.7000
   -103.2000   -100.2000   -100.0000   -100.6000   -100.3000    -99.7000   -100.3000
   -100.8000   -101.4000   -102.0000    -91.5000    -90.0000    -90.0000    -90.1000
    -90.4000    -91.1000    -92.0000    -93.1000    -99.2000    -82.6000    -83.0000
    -83.1000    -83.4000    -83.7000    -84.4000    -85.9000    -87.7000    -95.0000
    -80.3000    -76.5000    -76.9000    -77.2000    -77.2000    -77.5000    -79.3000
    -82.1000    -94.6000    -80.3000    -71.3000    -71.0000    -71.0000    -71.3000
    -69.9000    -71.7000    -75.6000    -94.6000    -24.6000    -23.4500    -23.4500
    -22.7500    -23.9500    -23.1500    -21.4000    -25.6000    -25.0000    -23.6500
    -24.4000    -24.2000    -21.7000    -19.6000    -25.2000    -26.3500    -25.9500
    -25.7500    -25.5000    -22.8500    -18.2500    -26.0000    -26.8500    -26.4500
    -26.5500    -25.8500    -23.6500    -19.2500    -25.2000    -26.3500    -26.2500
    -28.0000    -26.7000    -24.6000    -20.4000    -25.7500    -27.1500    -28.8500
    -28.9000    -28.1000    -26.9500    -23.1500    -26.0000    -28.0500    -29.1500
    -32.9500    -30.3500    -29.8500    -27.4500   -125.2000   -127.8000   -130.7000
   -134.9500   -136.9000   -136.8000   -135.5000   -117.8500   -117.9500   -119.6500
   -123.2000   -124.2000   -124.9000   -123.5000   -110.6000   -111.0500   -112.2500
   -113.8000   -115.7000   -115.8500   -116.4500   -103.0000   -103.4500   -104.6000
   -105.6000   -107.0000   -108.5500   -109.9500    -97.1000    -97.6500    -98.2500
    -99.5000   -100.3000   -102.4500   -104.7500    -89.8000    -90.0500    -97.3000
    -94.7000    -93.6000    -96.0000    -99.3000    -83.1000    -83.1500    -84.0500
    -85.3000    -86.6500    -89.2500    -92.4000      8.5000      9.4000      9.9500
     10.3000     11.6500     12.5500     15.2000      9.7000      9.9000      9.4500
     10.3000     10.9500     11.9000     13.6000     10.1000      9.4500      9.2000
      9.8000     10.0500     10.9000     12.9000     10.8000      9.9000      9.2000
      9.0500      8.4000      9.5500     10.9000     11.7500      9.9000      8.6000
      7.9500      7.5500      8.3000      9.3500     11.5500      9.9000      8.2500
      7.3500      6.3000      6.1500      6.8000     11.9000      9.6500      7.9000
      6.1000      4.8000      4.1500      3.6500   -105.5000   -104.9000   -105.4500
   -106.4500   -106.9500   -107.4500   -107.9500    -99.4000    -98.8000    -99.0500
    -99.6500   -100.3500   -101.1000   -101.9500    -93.0000    -92.6000    -92.6500
    -93.1500    -94.0000    -95.0500    -96.1500    -86.0500    -85.7500    -85.5000
    -86.7000    -87.6000    -88.8500    -90.6000    -79.4500    -76.0000    -79.3000
    -80.1000    -81.3500    -82.9500    -85.0500    -72.4000    -72.6000    -72.7000
    -73.5000    -74.8000    -76.6000    -79.0000    -65.4500    -65.5000    -65.6000
    -66.3500    -67.6500    -69.8000    -72.5500     22.1000     26.1000     26.6500
     23.2000     19.6500     16.0000     17.5500     22.6500     21.7000     21.4500
     19.9000     17.6500     15.6500     14.7500     23.4500     20.6000     19.1000
     18.1500     16.9000     15.4500     12.1000     25.2500     20.3500     18.3000
     17.1500     16.2500     16.7500      6.8000     25.7000     20.1000     17.4000
     16.3000     16.0000     16.6500     19.1000     26.4000     20.1500     16.8500
     15.5000     15.0000     16.4500     20.2500     16.2500     18.9000     16.5500
     15.1500     14.2500     15.5500     24.1000    -21.5000    -23.7000    -30.8000
    -36.0500    -38.6000    -36.1500    -35.0500    -30.4500    -31.7500    -34.8000
    -37.3500    -39.1000    -37.5500    -36.7500    -35.4500    -35.0000    -36.3500
    -37.3500    -38.5000    -39.9000    -39.8500    -35.9500    -35.3500    -35.6500
    -36.0000    -36.7500    -40.7000    -39.0000    -34.8500    -34.5500    -34.5500
    -34.8500    -35.5500    -35.4000    -37.6000    -32.6000    -31.9500    -32.6000
    -32.8000    -33.6000    -34.0500    -33.1500    -17.2000    -30.3500    -31.3500
    -31.1000    -31.9000    -33.5500    -29.5000     21.4000     23.9500     25.3500
     24.5500     22.5000     19.6000     17.5500     18.9500     21.3500     22.2000
     22.0000     20.5000     18.7000     16.8000     17.5500     19.5000     20.2500
     20.1000     19.0000     17.2500     16.2500     16.4000     18.0500     18.8500
     18.4000     17.9500     16.8000     15.1000     15.1500     16.5500     17.4000
     17.4000     17.0000     16.1500     15.1500     14.2500     15.7500     16.3500
     16.6000     16.6000     16.0500     15.6500     13.9500     15.1000     16.1000
     16.2000     16.1500     16.0000     16.0500    -28.2000    -31.2500    -34.8500
    -38.2500    -40.4000    -41.9500    -42.8000    -28.9500    -31.1500    -33.3500
    -35.6500    -37.6000    -39.2000    -40.0500    -28.9000    -30.3000    -32.1000
    -34.1500    -35.6000    -36.0000    -37.2000    -28.6500    -23.0500    -31.7500
    -32.5000    -33.5500    -34.7000    -35.7500    -28.9500    -29.6000    -30.7500
    -31.1000    -31.8000    -32.5500    -32.6000    -28.3000    -28.8500    -29.8000
    -30.1000    -29.6000    -30.9500    -30.5500    -28.2000    -28.3000    -29.2000
    -29.3000    -29.4000    -29.5500    -29.2000     23.2500     20.9500     18.7000
     17.4000     16.2500     15.5000     15.1000     24.6500     21.5000     19.4000
     17.7500     16.3000     15.4000     14.8500     23.7000     21.1000     19.0000
     17.7500     16.6000     15.8000     15.2000     22.1500     20.1000     18.7500
     17.4500     16.6000     16.1000     15.8000     20.0000     18.6500     17.9500
     17.7500     17.0000     16.5000     16.2000     18.5500     17.6500     17.4500
     17.4500     17.5500     17.5000     17.7500     16.2000     16.8000     16.9500
     17.4500     18.2000     19.0000     19.4900    -33.2000    -31.7500    -30.9000
    -30.3500    -29.8500    -29.9000    -29.8000    -29.3000    -29.8500    -29.4500
    -29.4000    -29.2500    -29.2500    -29.0500    -27.8000    -28.6000    -29.1500
    -29.0500    -29.0000    -28.7000    -28.3000    -27.5000    -28.5000    -28.9000
    -33.3000    -29.1500    -28.9000    -28.0500    -28.2500    -29.1000    -29.8000
    -31.3000    -29.9000    -29.1000    -28.2000    -26.2000    -30.4500    -31.2500
    -29.9000    -31.0000    -29.9000    -28.4000    -31.9500    -33.1000    -33.9500
    -29.0500    -32.7500    -31.1000    -28.7000      6.7000      5.6000      4.7000
      3.3000      2.3000      0.7000     -1.8000      7.1000      5.9000      4.9000
      3.4000      2.3000      0.5000     -2.0000      7.6000      6.2000      5.2000
      3.6000      2.5000      0.8000     -1.7000      9.6000      8.6000      7.4000
      5.9000      4.4000      3.1000      0.9000      8.8000      7.6000      6.0000
      4.9000      3.2000      1.6000     -0.5000      9.6000      7.9000      6.4000
      5.4000      3.7000      2.2000      0.4000     10.2000      8.4000      6.8000
      5.4000      4.2000      2.9000      1.1000    -10.0000     -9.8000    -10.0000
     -9.0000     -9.1000     -9.3000     -9.5000    -13.0000    -12.6000    -12.4000
    -12.6000    -11.5000    -11.3000    -10.9000    -15.0000    -14.5000    -14.3000
    -13.8000    -13.3000    -13.0000    -12.2000    -16.6000    -16.4000    -15.7000
    -15.2000    -14.6000    -13.9000    -13.6000    -18.8000    -18.1000    -17.6000
    -16.8000    -16.2000    -15.7000    -15.3000    -20.6000    -19.8000    -19.4000
    -18.7000    -18.4000    -17.6000    -16.9000    -22.2000    -21.7000    -21.4000
    -20.9000    -20.6000    -20.4000    -19.6000     -2.2000     -2.3000     -2.6000
     -2.9000     -3.2500     -4.0000     -4.3500     -2.2100     -2.3000     -2.5500
     -2.8500     -3.3000     -3.9000     -3.8500     -2.3000     -2.4500     -2.5000
     -2.8500     -3.2000     -3.5000     -3.8000     -2.3500     -2.3500     -2.5000
     -2.7500     -3.1500     -3.5000     -3.9000     -2.3500     -2.3000     -2.6000
     -2.8000     -3.1500     -3.7500     -4.1500     -2.4500     -2.5000     -2.7000
     -2.9000     -3.3000     -3.9000     -4.4000     -2.6500     -2.6000     -2.7000
     -3.0500     -3.4000     -4.0000      4.3500      4.8500      4.4000      4.6500
      4.8500      4.3500      4.8000      5.7000      2.9500      2.6500     -2.8500
      2.9500      2.8000      2.9500      0.2000      1.5500      1.2000     -1.2000
      1.3500      1.2000      1.0500      1.1500      0.1500     -0.5500     -0.5500
     -0.5000     -0.6000     -0.7000     -0.7000     -2.1500     -2.1000     -2.0500
     -2.1500     -2.1000     -2.6000     -2.3500     -3.3000     -3.4000     -3.4000
     -3.5000     -3.5000     -3.7500     -4.0000     -4.4000     -4.6000     -4.6500
     -4.9000     -4.9500     -5.2000     -7.5500     -4.5000     -4.6000     -4.5000
     -4.6000     -4.1000     -3.5000     -2.2000     -4.2000     -4.3000     -4.1000
     -4.0000     -3.6000     -3.2000     -2.6000     -3.9000     -4.0000     -3.8000
     -3.7000     -3.4000     -3.1000     -2.6000     -3.9000     -4.0000     -3.8000
     -3.5000     -3.1000     -2.7000     -2.4000     -4.3000     -4.3000     -4.0000
     -3.7000     -3.2000     -2.6000     -2.2000     -5.1000     -4.7000     -4.3000
     -3.8000     -3.2000     -2.7000     -2.2000     -6.1000     -5.5000     -4.6000
     -3.8000     -3.3000     -2.9000     -2.5000      4.2000      4.5000      5.0000
      5.6000      6.4000      7.0000      7.1000      3.9000      4.3000      4.6000
      5.0000      5.4000      5.7000      5.9000      3.8000      4.0000      4.1000
      4.3000      4.6000      4.8000      5.0000      3.7000      3.6000      3.5000
      3.5000      3.6000      3.7000      3.8000      3.9000      3.4000      3.1000
      3.0000      3.0000      3.1000      3.1000      3.7000      2.9000      2.5000
      2.3000      2.2000      2.2000      2.1000      3.3000      2.2000      1.6000
      1.5000      1.7000      1.6000      1.2000    -12.2000     -9.1000     -4.6000
      0.6500      6.7000     12.3500     14.9000    -12.9500     -8.5000     -3.8000
      0.6500      5.2500     10.2500     14.4500    -12.6000     -7.6000     -3.4000
      0.3000      4.1000      8.7000     14.4500    -12.6000     -7.8000     -3.8000
     -0.3000      3.5000      7.9500     14.3500    -13.9500     -9.4000     -5.1000
     -1.2500      2.9000      7.6500     13.1500    -16.3000    -12.8000     -7.4500
     -2.5000      2.7500      8.6500     12.9500    -20.7500    -16.0500    -10.3000
     -4.2000      2.2000      9.8000     13.7000    -10.4500    -11.1500    -10.4500
    -10.1000    -10.9000    -12.4500    -12.3500     -8.4000     -7.9500     -6.7500
     -6.4500     -7.2500    -10.3000     -6.7500     -4.7500     -4.2500     -3.9000
     -4.1500     -4.9500     -6.0000     -6.7500     -0.1000     -0.9000     -1.7500
     -2.8000     -3.1000     -3.6500     -4.3000      5.2500      2.9500      0.7500
     -0.5000     -1.2500     -1.2000     -1.2500     11.4500      8.0500      4.2500
      2.2000      1.4500      2.2500      3.7000     14.7000     10.5500      7.7500
      6.1500      4.9500      4.7000      5.5500     -1.3000     -0.8000     -0.1000
      0.3000      0.2000     -0.2000     -0.6000     -2.7000     -1.3000     -0.5000
     -0.2000      0.0000      0.1000      0.3000     -2.6000     -1.4000     -0.7000
     -0.3000      0.1000      0.5000      0.9000     -1.5000     -0.8000     -0.4000
      0.1000      0.6000      1.1000      1.8000     -1.1000     -1.2000     -1.0000
     -0.3000      0.4000      1.3000      3.3000     -1.5000     -1.7000     -1.4000
     -0.7000      0.3000      1.7000      3.7000     -3.8000     -3.1000     -2.0000
     -1.4000     -0.1000      1.8000      4.5000      0.6000     -0.7000     -1.1000
     -1.5000     -2.0000     -2.0000     -1.4000     -1.3000     -1.8000     -2.0000
     -2.2000     -2.3000     -2.1000     -1.6000     -3.2000     -2.9000     -2.9000
     -2.9000     -2.9000     -2.5000     -2.1000     -4.4000     -3.8000     -3.9000
     -3.8000     -3.8000     -3.4000     -2.7000     -4.1000     -4.1000     -4.4000
     -4.6000     -4.6000     -4.3000     -3.6000     -2.8000     -4.0000     -4.9000
     -5.4000     -5.7000     -5.6000     -5.0000     -1.1000     -3.6000     -5.1000
     -6.0000     -6.8000     -7.1000     -6.8000      0.2000     -0.6000      0.2000
      1.6000      3.1000      4.8000      7.0000      0.4000      0.3000      0.9000
      1.6000      2.9000      4.1000      5.3000      0.1000      0.5000      1.2000
      1.8000      2.8000      3.4000      3.8000      0.2000      0.6000      1.3000
      2.3000      3.2000      3.9000      4.3000     -0.7000      0.2000      0.8000
      1.8000      2.8000      3.8000      4.6000     -1.1000     -0.4000      0.3000
      1.3000      2.8000      4.6000      6.4000     -1.3000     -1.4000     -1.0000
      0.6000      2.5000      5.4000      9.1000     -8.0000     -7.0000     -5.7000
     -5.0000     -5.0000     -5.5000     -6.3000     -6.4000     -6.2000     -5.9000
     -5.5000     -5.5000     -5.9000     -7.0000     -5.6000     -5.9000     -5.9000
     -5.7000     -5.6000     -5.8000     -6.4000     -5.1000     -5.2000     -5.4000
     -5.5000     -5.7000     -5.6000     -5.3000     -4.6000     -5.0000     -5.3000
     -5.5000     -5.6000     -5.3000     -4.2000     -3.9000     -4.5000     -5.2000
     -5.8000     -6.2000     -5.8000     -4.3000     -2.5000     -3.3000     -4.8000
     -6.2000     -7.2000     -7.2000     -5.6000      8.4500      9.3500     10.2000
     11.1000     11.2000      9.9000      6.3500      6.5000      7.7000      8.8000
      9.5500      9.3000      8.0000      4.9000      5.2000      6.6500      7.8000
      8.5000      8.5500      7.6500      5.1000      4.1500      5.8000      7.0500
      8.1500      8.6500      8.4500      7.2500      0.2000      4.7500      6.5000
      7.8000      9.0500      9.9000     10.3000      0.6500      3.7800      6.1000
      7.9500      9.8000     11.5000     13.4100      0.4500      3.5500      5.7500
      8.0000     10.1500     12.7500     15.6500      1.4000     -0.2500     -2.2000
     -3.9500     -6.2000     -8.9000    -11.8000     -1.1500     -2.5000     -3.8500
     -5.1000     -6.3500     -7.6000     -8.4000     -3.2000     -4.2000     -5.1500
     -5.9500     -6.4500     -6.5000     -5.7500     -4.7000     -5.7500     -6.4500
     -6.9500     -7.2000     -6.2000     -4.3000     -6.1000     -7.5000     -8.2500
    -13.7000     -8.0500     -6.9500     -4.5000     -9.0500    -10.0000    -10.4000
    -10.5000    -10.2500     -9.1500     -6.9500    -14.3000    -13.4000    -13.5500
     -8.3500    -13.4500    -12.8000    -11.5000      0.6000      4.4000      5.7000
      7.1000      9.2000     12.0000     16.5000      0.6000      4.4000      5.8000
      7.7000     10.0000     12.5000     16.1000      1.4000      4.7000      6.0000
      7.9000      9.9000     12.3000     15.4000      1.8000      3.7000      6.7000
      8.3000     10.4000     12.4000     14.8000      2.2000      4.3000      5.9000
      7.7000      9.2000     11.5000     12.8000      2.2000      4.3000      6.0000
      7.3000      8.7000      9.7000     10.8000      2.5000      4.3000      5.6000
      6.7000      8.0000      8.7000      8.8000    -10.0000    -10.2000    -10.7000
    -10.3000     -9.4000     -8.2000     -7.4000    -13.0000    -11.9000    -12.2000
    -11.7000    -11.4000    -11.0000    -11.6000    -14.5000    -13.3000    -13.0000
    -13.1000    -12.9000    -13.2000    -14.5000    -15.0000    -16.2000    -14.1000
    -13.9000    -14.1000    -14.1000    -15.7000    -15.6000    -15.5000    -15.5000
    -15.3000    -15.8000    -16.3000    -17.6000    -15.7000    -15.8000    -16.0000
    -16.0000    -16.5000    -17.2000    -18.8000    -15.3000    -15.1000    -15.6000
    -16.1000    -17.0000    -17.6000    -18.7000     22.8800     19.0500      9.1500
     10.3500      5.7500     -8.8500     10.4500      7.1500      8.0500      7.7500
      3.4500    -11.9000      4.1000      4.8000      6.1500      5.7500      2.7500
     -4.9500     -1.3500      2.8500      4.6500      5.3500      3.0500     -3.2000
     -0.6000      2.5500      4.6500      4.5000      3.6500      2.7500     -3.1800
      0.2500      7.0000      6.8500      1.6000      2.5300     13.6500     11.7000
      1.0000      2.7000     -1.2500      3.4800      2.0500      0.2000     -2.8500
     -5.0000     -7.3000      1.6500     -0.8000     -4.9000     -6.9000     -8.6500
     -9.8000     -8.8500     -8.0500     -9.1000    -10.5500     -9.9500    -10.2500
     -9.4500     -7.8500    -12.1500    -11.8000    -10.2500     -9.7000     -1.4500
     -7.1700     -7.8000     -8.9000     -0.5000     -3.1000      0.4200     42.9000
     32.5000     27.1000     15.8000     10.3000     22.2000     48.0000     35.1000
     30.8000     26.4000     22.0000     21.2000     27.6000     41.0000     29.6000
     29.3000     27.2000     25.0000     25.3000     28.9000     36.2000     30.1000
     29.8000     28.2000     26.6000     27.3000     29.2000     34.0000     34.3000
     32.6000     29.9000     28.2000     25.9000     26.6000     30.2000     39.7000
     36.6000     32.2000     27.7000     24.0000     23.0000     25.3000     44.7000
     42.5000     35.5000     28.3000     19.9000     15.0000     18.7000    -26.7000
    -28.9000    -32.2000    -29.3000    -16.3000      3.9000     -1.4000    -19.1000
    -23.7000    -24.5000    -22.2000    -15.9000    -11.3000    -11.5000    -17.9000
    -20.1000    -20.2000    -18.6000    -15.8000    -15.0000    -15.0000    -18.9000
    -17.3000    -16.4000    -15.2000    -14.9000    -15.1000    -17.0000    -19.6000
    -15.3000    -13.5000    -12.3000    -12.5000    -14.8000    -17.8000    -16.0000
    -11.0000     -8.0000     -6.2000     -7.6000    -12.1000    -17.9000    -15.2000
     -3.4000      2.0000      4.6000      2.4000     -7.1000    -18.8000     49.4000
     36.5500     30.8000     18.1000     20.7000     31.9500     54.4500     42.0500
     33.5500     29.6000     32.4500     44.0000     52.4000     44.8000     38.5500
     36.5000     39.0500     47.4000     51.5500     45.8500     41.0000     39.7500
     41.9000     48.6000     50.4200     44.7500     40.5000     39.5000     41.8000
     48.9500     47.8900     42.4500     38.4000     36.6000     38.3000     44.6500
    -52.8000    -47.4000    -37.5000    -24.3500     -9.6000      3.8000    -36.9000
    -35.4000    -29.5000    -21.2500    -12.2000     -4.5000    -25.5000    -26.4000
    -23.8500    -19.4500    -14.7500    -11.4500    -19.2500    -19.8500    -19.5500
    -18.5500    -17.3000    -15.8500    -13.5500    -14.2500    -16.4500    -17.7000
    -19.3000    -21.1000     -8.3400    -11.4600    -14.1000    -17.4000    -21.5000
    -25.9700     54.5000     28.0000      8.6000     -8.0000     19.5000     -4.3000
     38.3000     68.9000     45.0000     27.0000     15.6000     13.0000     24.3000
     46.1000     78.8000     57.7000     41.7000     33.6000     32.7000     41.3000
     57.5000     80.8000     63.6000     52.2000     45.4000     44.6000     50.5000
     62.7000     83.8000     69.4000     58.6000     51.6000     50.6000     54.8000
     64.0000     84.8000     71.4000     61.0000     55.1000     52.7000     55.0000
     62.3000     84.8000     71.8000     62.4000     56.0000     51.9000     51.6000
     57.6000    -79.9000    -56.6000    -42.8000    -21.3000     11.0000     60.0000
     71.6000    -61.5000    -47.7000    -31.9000    -12.8000     10.3000     34.5000
     50.3000    -41.1000    -33.5000    -22.2000     -8.3000      6.4000     21.6000
     31.8000    -31.5000    -22.0000    -13.9000     -3.6000      3.3000     10.8000
     18.2000    -15.7000    -10.8000     -8.9000     -6.4000      0.7000      3.5000
      4.8000     -7.4000     -4.6000     -4.7000     -3.2000     -1.2000     -1.4000
     -4.7000     -2.4000     -0.9000     -3.0000     -2.4000     -1.6000     -5.4000
    -13.4000     49.6500     27.2000     11.2500      1.1500      2.9500     17.7200
     62.3500     42.9000     29.9500     23.6400     27.0500     40.5500     68.5500
     53.1500     42.7000     38.3000     40.5500     50.4000     72.2000     59.4000
     50.7000     46.8500     48.2500     55.4000     73.5000     62.0000     54.5000
     50.7000     50.8500     55.9000     71.8500     62.2000     55.5000     51.3000
     50.2000     52.7500    -62.4500    -45.6000    -26.6500     -2.4000     28.5500
     54.0300    -44.0000    -35.4500    -18.0000     -0.7000     18.0500     33.9000
    -27.6500    -21.2000    -12.0000     -1.3000     10.1500     19.2500    -16.2000
    -12.6500     -7.8000     -1.9500      3.7500      8.1000     -7.4500     -6.1500
     -4.4000     -2.3000     -1.0000     -1.2500     -0.6200     -2.3000     -2.0500
     -2.4500     -3.9500     -8.0200     -6.3000    -10.5000    -10.8000     -7.9000
     -2.9000      2.1000     29.3000      6.9000     -1.6000     -2.3000      1.9000
      6.0000     10.3000     24.5000      4.1000      2.0000      6.1000      9.8000
     11.4000     13.0000     22.6000      5.2000      9.6000     11.5000     13.1000
     16.3000     17.1000     28.0000     -4.1000      6.8000     11.8000     14.4000
     17.4000     15.1000     17.0000     -3.4000      5.3000      9.9000     13.2000
     16.7000     14.8000     17.0000     -1.3000      5.3000     10.2000     11.7000
     15.8000     16.3000     27.3000    -56.2000    -37.8000    -27.9000    -14.7000
     -4.5000     11.6000     11.4000    -27.5000    -24.2000    -20.0000     -9.4000
     -0.6000      4.8000      6.2000    -16.6000    -18.8000    -12.4000     -2.7000
     -0.1000      2.3000      1.3000     -6.2000     -6.6000     -5.7000     -3.7000
      1.6000      1.4000      2.6000      4.2000      2.1000      0.9000      0.8000
      1.6000      2.3000      1.0000      9.0000      7.9000      6.8000      4.8000
      4.4000      5.3000      6.5000      7.8000      7.8000     10.2000     13.6000
     14.2000     14.6000     21.5000      1.5500      0.7500      3.3500      6.6500
     12.2000      5.4000      7.7500     10.1000     12.3500     15.0000      8.1000
     12.1000     13.6000     15.1000     16.4500      8.1500     12.6500     14.9000
     16.3000     16.3000      7.1500     10.9500     13.3000     17.0000     16.0500
    -23.7500    -18.3000     -9.2000     -0.9500      5.7000    -16.1500    -10.5500
     -4.8500     -0.2500      3.0000     -6.1500     -4.2000     -1.6500      0.4500
      2.1500      3.0500      2.3000      1.5000      1.9000      2.2500      8.6000
      7.9500      6.1000      5.3500      5.5500     18.2500     12.4500      6.3000
      1.4000      2.7000     23.4500     18.5000     12.4500      8.5500      8.1000
     26.6500     22.0500     18.5500     12.9500     12.1500     28.1000     23.9000
     18.6500     15.4500     15.3000     26.7500     23.3500     16.5500     15.8000
     16.2000    -11.1000     -2.8000      4.8000     12.9000     21.3500     -5.7000
     -1.4500      3.4000      8.6000     13.9000     -5.5500     -2.9000     -2.7000
      3.6200      7.4000     -3.4500     -3.2000     -2.6000      1.1500      0.7500
      0.1500     -1.5500      0.3500     -3.5000     -4.5500     -1.7000    -25.2000
    -32.6000    -43.3000    -30.3000     19.2000      0.5000     -8.6000    -11.3000
     -1.7000     27.8000     14.8000      7.5000      6.2000     12.0000     32.8000
     22.9000     16.8000     15.1000     18.7000     34.1000     26.1000     20.7000
     18.6000     20.3000     34.2000     27.0000     21.3000     17.9000     18.2000
     33.0000     26.3000     19.4000     13.4000     11.0000    -81.5000    -39.5000
    -11.7000     20.7000     74.1000    -41.9000    -24.8000     -5.6000     16.5000
     38.4000    -22.3000    -13.6000     -2.2000     10.5000     21.7000     -9.5000
     -7.5000     -0.3000      6.5000     11.7000     -1.4000      0.2000      2.4000
      4.2000      4.8000      6.4000      6.2000      5.9000      4.3000      0.7000
     14.3000     13.6000     12.0000      7.4000     -1.3000      4.4000    -10.6000
    -20.6000    -27.0000    -16.3000     23.9000      8.7000     -0.3000     -2.4000
      5.0000     34.6000     21.7000     14.8000     12.4000     17.1000     39.7000
     28.9000     22.1000     19.7000     21.9000     43.6000     33.1000     25.5000
     22.2000     22.8000     43.9000     33.2000     25.4000     20.3000     18.9000
     41.2000     31.0000     22.0000     14.4000     10.8000    -76.8000    -49.0000
    -27.2000     -0.7000     32.4000    -52.3000    -37.0000    -20.1000     -1.8000
     16.1000    -35.0000    -25.6000    -14.9000     -4.0000      5.8000    -21.3000
    -15.6000    -10.0000     -5.2000     -1.4000     -8.7000     -6.4000     -5.1000
     -4.2000     -5.1000      3.6000      2.4000      1.0000     -1.9000     -7.0000
     14.6000     11.6000      7.9000      2.0000     -7.7000    -22.9000    -53.9000
    -66.7000    -78.2000    -53.8000      8.5000    -18.0000    -31.9000    -34.1000
    -18.7000     23.4000      4.3000     -7.6000     -9.1000     -0.7000     31.4000
     16.0000      7.2000      4.2000      8.6000     36.0000     23.1000     14.1000
     10.1000     11.4000     36.3000     25.1000     16.1000     10.4000      9.2000
     33.3000     24.5000     15.1000      6.2000      1.8000   -130.3000    -73.0000
    -34.7000     11.3000     78.6000    -78.2000    -52.8000    -23.7000      8.2000
     37.9000    -48.5000    -34.1000    -15.9000      2.9000     18.8000    -27.9000
    -20.1000     -9.4000      0.0000      7.8000    -10.5000     -7.3000     -2.4000
      0.9000      2.5000      4.1000      4.0000      4.6000      3.9000      0.5000
     16.4000     14.3000     13.5000      9.8000      0.7000     96.9000     33.6000
      9.0000      4.6000     -1.4000     12.2000     41.8000     81.0000     52.7000
     32.9000     24.1000     22.2000     28.1000     39.9000     74.6000     58.5000
     44.5000     36.4000     34.1000     36.3000     43.3000     74.4000     61.5000
     50.5000     43.5000     40.7000     41.3000     44.6000     76.4000     61.7000
     51.2000     44.2000     40.1000     39.5000     39.4000     72.7000     60.5000
     50.0000     42.0000     37.1000     36.5000     38.5000     68.5000     59.3000
     48.1000     36.5000     30.0000     29.5000     37.7000    -89.7000    -96.5000
    -55.4000    -30.3000     -5.9000     29.3000     27.9000    -53.0000    -56.0000
    -42.0000    -25.7000     -9.4000      4.9000     11.3000    -35.0000    -35.4000
    -21.6000    -21.4000    -12.8000     -6.4000     -3.7000    -22.4000    -23.2000
    -21.0000    -17.8000    -14.8000    -13.4000    -16.3000    -12.0000    -11.8000
    -12.3000    -12.3000    -13.6000    -14.9000    -17.0000      1.0000     -2.4000
     -4.5000     -7.6000    -11.9000    -17.1000    -20.6000      6.5000      5.1000
      5.3000      0.4000     -9.1000    -18.3000    -27.0000     19.1000     27.0000
     34.5000     30.4000     29.4000     20.6000     -3.5000     25.3000     25.1000
     25.2000     23.3000     19.4000     11.5000     -2.6000     24.6000     21.5000
     20.4000     17.9000     13.6000      7.7000     -2.5000     21.7000     18.9000
     16.5000     13.5000      9.9000      5.1000      1.3000     18.5000     16.8000
     14.3000     11.2000      7.2000      3.4000     -1.5000     15.9000     15.4000
     12.9000      8.9000      4.7000      0.7000     -3.5000     14.8000     15.9000
     12.9000      7.4000      1.3000     -3.1000     -5.3000     -9.4000      4.6000
    -10.9000    -20.4000    -30.0000    -46.9000    -46.1000     -8.1000     -7.9000
    -12.2000    -19.0000    -25.7000    -32.5000    -34.2000     -7.8000     -9.4000
    -12.4000    -17.1000    -21.5000    -24.9000    -26.6000     -8.2000     -9.5000
    -12.1000    -15.8000    -18.6000    -21.7000    -23.3000     -6.5000     -8.6000
    -10.6000    -12.0000    -15.2000    -18.0000    -20.3000     -8.4000     -8.7000
     -9.3000    -10.8000    -12.8000    -16.2000    -19.0000     -9.4000     -9.5000
     -7.7000     -7.5000    -10.4000    -15.7000    -20.0000     13.1000     28.1000
     34.1000     30.5000     31.3000     23.3000     15.3000     13.4000     19.8000
     23.3000     23.5000     21.8000     16.5000      9.3000     14.0000     16.1000
     17.7000     17.7000     16.0000     12.0000      6.5000     14.5000     13.6000
     13.8000     12.9000     11.2000      9.3000      8.3000     11.6000     12.7000
     12.3000     11.1000      8.7000      5.3000      3.8000     12.9000     13.6000
     11.4000      8.9000      5.2000      1.3000     -3.8000     14.6000     17.3000
     11.6000      6.5000      1.6000     -3.0000    -13.9000      6.2000     10.0000
    -10.4000    -18.8000    -26.6000    -41.7000    -42.0000     -3.2000     -4.5000
    -11.2000    -17.8000    -24.4000    -31.2000    -36.0000     -8.2000     -9.2000
    -13.0000    -17.1000    -21.7000    -26.3000    -18.8000    -10.8000    -12.4000
    -14.0000    -16.6000    -19.8000    -23.5000    -24.2000    -13.6000    -12.6000
    -13.0000    -14.9000    -17.6000    -21.2000    -25.9000    -17.2000    -12.8000
    -11.5000    -12.8000    -15.4000    -19.2000    -25.5000    -21.4000    -10.8000
     -7.5000     -9.1000    -12.6000    -16.5000    -22.5000     29.3000     30.4000
     26.3000     24.4000     18.2000     26.1000     26.0000     23.9000     20.8000
     15.8000     24.3000     23.0000     21.2000     18.1000     13.9000     23.5000
     22.1000     19.1000     16.3000     12.2000     23.6000     20.8000     17.2000
     13.5000      9.4000     24.3000     20.7000     16.0000     10.7000      5.8000
     26.3000     22.0000     15.3000      7.4000      0.2000      0.5000     -8.6000
    -11.2000    -13.6000    -19.2000     -5.5000     -8.4000    -11.6000    -14.7000
    -17.4000     -7.8000     -9.5000    -11.3000    -14.3000    -16.9000     -9.3000
    -10.3000    -11.7000    -13.9000    -16.2000     -9.2000     -9.5000    -10.4000
    -12.3000    -15.1000     -8.8000     -8.0000     -8.1000    -10.2000    -14.0000
     -9.1000     -5.7000     -4.4000     -6.4000    -12.1000    108.0000    130.6000
    122.4000    127.7000    102.5000     93.9000    109.9000    107.6000    101.8000
     91.1000     93.3000    101.4000     97.1000     89.9000     84.7000    105.0000
     98.0000     88.7000     81.4000     78.9000     79.5000     81.7000     77.1000
     73.0000     72.2000     59.2000     67.0000     66.4000     65.0000     65.9000
     49.2000     56.6000     57.6000     58.3000     61.5000     12.8000    -38.6000
    -57.5000    -78.6000   -126.4000    -22.5000    -33.3000    -45.3000    -60.0000
    -73.0000    -18.8000    -24.1000    -31.4000    -41.5000    -49.6000     -3.5000
     -9.5000    -19.2000    -27.5000    -34.4000     25.3000      8.9000     -3.9000
    -12.5000    -20.4000     35.8000     19.4000      7.2000     -1.8000     -7.5000
     28.6000     22.1000     14.5000      8.3000      2.8000    111.4000    122.2000
    104.3000     84.7000     51.8000    108.3000     97.3000     81.9000     60.8000
     31.7000    103.4000     82.3000     63.4000     45.1000     21.7000     95.1000
     69.3000     51.3000     33.7000     14.1000     76.3000     54.5000     39.8000
     23.8000      6.2000     43.2000     40.8000     31.3000     16.3000      0.5000
     36.4000     36.3000     25.2000      9.9000     -5.0000    -16.1000    -40.0000
    -73.3000    -95.5000   -130.9000    -26.5000    -39.3000    -57.4000    -77.4000
    -93.0000    -19.7000    -29.7000    -43.8000    -57.4000    -68.0000     -4.3000
    -16.8000    -27.4000    -41.3000    -49.5000     16.8000     -5.5000    -17.4000
    -26.7000    -35.8000     15.7000     -1.0000     -6.9000    -14.6000    -21.9000
      1.0000      4.1000      2.3000     -4.3000    -10.4000     74.9000     84.4000
     77.3000     66.0000     39.3000     60.2000     58.6000     52.1000     38.7000
     15.3000     38.2000     36.0000     31.5000     21.2000      4.1000      9.1000
     17.5000     16.6000      8.7000     -4.1000    -10.8000      6.2000      7.6000
      1.1000     -8.7000      2.9000      7.1000      4.8000     -3.3000    -16.0000
     16.2000     12.4000      5.5000     -4.7000    -17.9000    -19.1000    -44.9000
    -75.1000   -100.8000   -140.7000    -21.3000    -42.3000    -64.8000    -86.4000
   -105.7000    -13.6000    -37.0000    -55.7000    -71.4000    -84.2000    -13.6000
    -35.4000    -49.0000    -59.5000    -69.0000    -36.7000    -40.0000    -44.7000
    -49.8000    -56.6000    -52.5000    -41.4000    -40.3000    -41.7000    -44.7000
    -48.9000    -39.0000    -35.1000    -33.6000    -34.2000     80.8000     88.3000
     58.8000     69.5000     55.0000     79.0000     71.7000     58.8000     45.5000
     26.7000     67.3000     56.7000     43.8000     31.0000     15.6000     54.8000
     44.6000     32.1000     21.1000      8.4000     37.9000     32.7000     21.9000
     11.4000      4.2000     25.4000     25.9000     18.6000     10.0000      1.6000
     23.1000     23.9000     16.7000      8.2000      0.7000    -37.4000    -50.0000
    -65.5000    -93.3000   -141.4000    -36.6000    -47.1000    -65.5000    -83.1000
   -100.2000    -29.4000    -40.8000    -57.6000    -69.7000    -78.1000    -21.6000
    -32.7000    -49.1000    -58.5000    -63.0000    -19.8000    -31.5000    -41.6000
    -42.8000    -51.0000    -26.9000    -32.3000    -38.6000    -39.9000    -40.0000
    -33.0000    -33.0000    -35.4000    -32.4000    -32.7000     99.3000    100.9000
     95.6000     93.3000     68.7000     94.0000     84.7000     75.4000     63.0000
     38.3000     79.0000     68.2000     57.9000     44.3000     22.7000     56.9000
     51.5000     43.2000     30.8000     13.3000     36.4000     38.4000     30.6000
     22.3000      5.8000     28.8000     30.4000     26.4000     17.5000      6.2000
     31.2000     28.4000     22.6000     14.1000      5.2000    -51.9000    -59.5000
    -82.1000   -106.1000   -155.4000    -38.8000    -52.5000    -71.4000    -91.6000
   -114.7000    -23.2000    -41.1000    -59.1000    -72.8000    -86.6000    -11.2000
    -30.6000    -46.6000    -55.6000    -64.0000    -13.3000    -26.9000    -38.6000
    -42.9000    -47.8000    -18.9000    -21.5000    -28.4000    -28.9000    -32.4000
    -19.2000    -16.9000    -21.0000    -22.0000    -24.7000     79.6000     71.2000
     61.1000     45.7000     21.0000     69.9000     55.3000     43.8000     29.2000
      8.1000     40.2000     32.4000     34.0000     20.6000      3.0000     26.1000
     28.6000     22.1000      9.5000     -6.3000     24.4000     24.2000     17.3000
      5.0000     -9.8000    -27.1000    -31.9000    -50.0000    -70.4000    -89.3000
      2.0000    -21.9000    -37.8000    -52.8000    -65.7000      4.2000    -12.7000
    -25.3000    -36.3000    -45.0000     -1.4000     -7.8000    -15.1000    -21.5000
    -27.6000     -2.2000     -2.1000     -4.7000     -7.5000    -11.4000     56.4000
     49.4000     38.1000     29.4000      8.3000     45.0000     40.2000     30.9000
     21.2000      3.2000     38.2000     33.9000     25.4000     16.0000      0.0000
     37.1000     30.9000     23.1000     13.5000     -1.6000     34.8000     28.4000
     19.2000      8.6000     -5.6000     33.4000     27.2000     17.2000      5.8000
    -10.0000     31.4000     26.9000     15.1000      1.4000    -16.9000     26.9000
     15.2000      1.2000     -1.5000    -14.9000     16.1000      7.1000     -3.9000
     -6.8000    -12.1000      5.9000      0.9000     -7.4000     -8.5000    -12.4000
     -2.3000     -4.0000     -6.6000     -9.4000    -12.1000     -5.3000     -6.9000
    -10.9000    -13.1000    -14.7000     -9.3000    -10.7000    -14.1000    -16.1000
    -19.0000    -16.8000    -17.2000    -20.3000    -22.0000    -30.0000     46.5000
     41.7000     41.2000     44.4000     51.8000     57.9000     52.9000     51.5000
     53.4000     58.7000     66.5000     60.8000     58.2000     59.0000     63.4000
     73.5000     66.7000     63.4000     63.4000     66.9000     77.4000     70.3000
     66.1000     64.4000     66.1000    -30.4000    -18.0000     -4.2000      7.1000
     16.6000    -22.1000    -13.8000     -2.8000      5.5000     11.8000    -15.1000
     -8.1000     -1.6000      3.9000      8.1000     -8.1000     -2.6000      1.5000
      4.6000      6.7000     -0.6000      2.4000      5.1000      5.8000      4.5000
     43.8000     45.1000     39.3000     40.1000     45.8000     49.8000     46.9000
     44.9000     45.5000     49.2000     54.5000     50.6000     48.8000     48.8000
     50.2000     57.6000     53.3000     50.9000     50.2000     50.8000     60.6000
     56.0000     53.3000     52.0000     52.3000     62.3000     57.6000     54.2000
     52.2000     52.1000     64.0000     59.2000     54.9000     51.3000     50.3000
      0.7000     -4.6000     -0.1000      7.6000     12.8000     -7.7000     -3.3000
      0.4000      6.5000      7.9000     -6.6000     -2.4000      1.0000      4.1000
      6.2000     -4.5000     -1.5000      1.4000      3.3000      4.6000     -0.4000
      1.3000      3.3000      3.7000      4.8000      2.4000      4.5000      5.1000
      5.4000      4.6000      4.9000      6.7000      8.3000      8.6000      6.3000
     39.4000     39.3000     38.5000     38.8000     39.4000     42.9000     42.4000
     41.9000     42.2000     43.2000     45.8000     44.7000     44.0000     44.4000
     46.4000     48.6000     46.5000     45.3000     44.7000     45.0000     49.3000
     46.8000     44.9000     43.1000     41.7000    -16.6000    -13.2000     -9.5000
     -6.0000     -2.5000    -15.7000    -11.9000     -8.9000     -6.0000     -2.8000
    -12.2000     -9.7000     -7.9000     -6.5000     -5.1000     -9.7000     -8.6000
     -6.8000     -7.7000     -9.0000     -5.5000     -5.5000     -5.7000     -7.5000
    -10.3000     82.7000     90.2000     92.1000    102.4000     92.8000     89.1000
     91.2000     92.8000     90.5000     92.7000     94.2000     92.9000     93.2000
     95.1000     96.0000     98.3000     95.1000     94.7000     96.1000     99.1000
     97.1000     93.3000     92.6000     93.5000     96.7000     95.3000     90.7000
     89.8000     90.5000     92.9000     89.8000     85.5000     85.2000     85.3000
     86.7000    -13.8000    -17.4000    -15.6000    -19.2000    -40.9000    -20.5000
    -17.0000    -16.0000    -17.7000    -19.4000    -18.5000    -16.5000    -15.6000
    -14.9000    -14.9000    -16.2000    -13.8000    -14.4000    -14.8000    -15.5000
    -12.3000    -13.0000    -12.5000    -14.4000    -17.6000     -3.4000     -9.3000
    -11.4000    -15.1000    -19.7000      2.5000     -6.3000     -9.5000    -15.3000
    -22.6000     96.3000     96.7000     96.7000     97.6000    100.7000    100.6000
     99.4000     99.2000    100.3000    103.0000    104.0000    102.0000    101.9000
    103.2000    104.8000    104.3000    101.0000    100.1000    101.1000    103.9000
    103.4000     99.6000     98.7000     99.5000    102.5000     -8.6000     -2.6000
      0.2000      3.4000      6.3000     -6.9000     -4.4000     -1.9000     -0.6000
      0.6000     -6.4000     -4.8000     -4.1000     -3.5000     -3.5000     -5.1000
     -5.4000     -6.3000     -7.2000     -7.9000     -3.3000     -6.0000     -7.6000
     -9.7000    -12.1000     65.0000     70.1000     62.5000     65.2000     69.0000
     59.7000     62.7000     64.0000     68.1000     73.5000     58.3000     61.5000
     65.2000     71.4000     78.8000     54.8000     58.7000     63.8000     71.3000
     85.1000     59.2000     61.8000     65.8000     74.4000     89.9000     59.2000
     61.4000     64.7000     71.0000     76.4000     58.4000     60.1000     63.2000
     68.4000     73.3000     15.2000      0.5000     -1.1000      3.6000      4.4000
      2.4000     -0.8000     -1.5000      1.7000      5.8000     -1.0000     -1.4000
     -2.2000      2.3000      7.7000     -3.2000     -2.7000     -1.8000     -1.1000
      2.2000     -0.3000      0.6000      2.0000     -1.5000     -7.6000      3.7000
      3.1000      0.0000     -0.5000     -5.6000      7.2000      5.9000      2.5000
      3.0000      0.6000
