          shift             dt             hl          scale            err
           -500            232             21        11.0476        2.51753
           -400            264             23        11.4783        2.49546
           -300            303             26        11.6538        2.38155
           -200            335             27        12.4074        2.48217
           -100            357             30           11.9        2.26208
              0            406             42        9.66667        1.56685
            100            446             49        9.10204        1.36986
            200            493             58            8.5        1.17993
            300            575             85        6.76471       0.786099
            400            693            109         6.3578        0.65511
            500            926            170        5.44706       0.454504
            600           1628            464        3.50862       0.184642
            700           4810           1668        2.88369      0.0819406
            800          17411           6343        2.74492      0.0402567
            900          51964          18782        2.76669      0.0235553
           1000         119918          41849        2.86549       0.016269
