          shift             dt             hl          scale            err
            -10            275             64        4.29688       0.596343
             -8            311             72        4.31944       0.564912
             -6            339             82        4.13415       0.508768
             -4            362             92        3.93478        0.45941
             -2            389            100           3.89       0.436143
              0            430            108        3.98148       0.428538
              2            466            120        3.88333        0.39753
              4            532            138        3.85507       0.368277
              6            665            179        3.71508       0.312826
              8            874            278        3.14388       0.216478
             10           1197            453        2.64238       0.145761
             12           1680            694        2.42075       0.109233
             14           2265           1007        2.24926      0.0851916
             16           2889           1335        2.16404      0.0716166
             18           3597           1701        2.11464      0.0622257
             20           4290           2073        2.06946      0.0553555
