          shift             dt             hl          scale            err
            -10            187             57         3.2807       0.496368
             -8            227             62        3.66129       0.524656
             -6            266             74        3.59459       0.472425
             -4            303             84        3.60714       0.444793
             -2            329             94            3.5       0.409333
              0            372            109        3.41284        0.37171
              2            421            124        3.39516       0.346902
              4            499            149        3.34899        0.31265
              6            659            202        3.26238       0.262372
              8            938            321        2.92212       0.188954
             10           1479            525        2.81714       0.143118
             12           2274            807        2.81784        0.11546
             14           3265           1171        2.78822      0.0949734
             16           4355           1621        2.68661      0.0781673
             18           5477           2054         2.6665      0.0689917
             20           6522           2425        2.68948      0.0639678
