          shift             dt             hl          scale            err
           -500            156             24            6.5        1.42522
           -400            177             33        5.36364        1.01701
           -300            212             39         5.4359       0.947126
           -200            239             48        4.97917        0.78755
           -100            278             56        4.96429       0.727133
              0            332             64         5.1875       0.708185
            100            389             76        5.11842        0.64192
            200            452             94        4.80851       0.545097
            300            572            124         4.6129       0.456951
            400            772            163         4.7362       0.408256
            500           1137            276        4.11957       0.276432
            600           2407            645        3.73178       0.165459
            700           7635           2158          3.538      0.0862552
            800          28094           7618        3.68784      0.0476379
            900          85244          21813        3.90794      0.0296528
           1000         199252          48791        4.08379      0.0206279
