       250                 0.5         7.13342e-06             0.00205
       250                 0.6     7.075541445e-06             0.00246
       250                 0.7     7.077172792e-06             0.00287
       250                 0.8     7.104283323e-06             0.00328
       250                 0.9     7.232058944e-06             0.00369
       251                 0.5     7.047988071e-06             0.00205
       251                 0.6     6.884605331e-06             0.00246
       251                 0.7     6.952526083e-06             0.00287
       251                 0.8     6.996318199e-06             0.00328
       251                 0.9     7.201533277e-06             0.00369
       252                 0.5     6.925419088e-06             0.00205
       252                 0.6     6.833620741e-06             0.00246
       252                 0.7      6.34334006e-06             0.00287
       252                 0.8     6.360595679e-06             0.00328
       252                 0.9      6.41658841e-06             0.00369
       252                   1     6.620014668e-06              0.0041
       253                 0.5     5.852710029e-06             0.00205
       253                 0.6     5.751623448e-06             0.00246
       253                 0.7     5.775277042e-06             0.00287
       253                 0.8     6.369083279e-06             0.00328
       253                 0.9     6.461987775e-06             0.00369
       254                 0.5      5.72807489e-06             0.00205
       254                 0.6     5.639077319e-06             0.00246
       254                 0.7     5.746898354e-06             0.00287
       254                 0.8     5.834890445e-06             0.00328
       254                 0.9     5.934379853e-06             0.00369
       255                 0.5     5.773636775e-06             0.00205
       255                 0.6     5.632511131e-06             0.00246
       255                 0.7     5.684404728e-06             0.00287
       255                 0.8     5.776147233e-06             0.00328
       255                 0.9     5.949101475e-06             0.00369
       256                 0.5     5.760165718e-06             0.00205
       256                 0.6     5.782139158e-06             0.00246
       256                 0.7     5.807019196e-06             0.00287
       256                 0.8     5.895479828e-06             0.00328
       257                 0.5     5.557218096e-06             0.00205
       257                 0.6     5.894404142e-06             0.00246
       257                 0.7     5.761592759e-06             0.00287
       257                 0.8     5.752035239e-06             0.00328
       257                 0.9      5.81389534e-06             0.00369
       257                   1      5.98805195e-06              0.0041
       257                 1.1     6.115967065e-06             0.00451
       258                 0.5     5.687091351e-06             0.00205
       258                 0.6       5.5947772e-06             0.00246
       258                 0.7     5.462316407e-06             0.00287
       258                 0.8     5.801930965e-06             0.00328
       258                 0.9     5.843988284e-06             0.00369
       258                   1      5.92935307e-06              0.0041
       259                 0.5      5.64354174e-06             0.00205
       259                 0.6      5.52676231e-06             0.00246
       259                 0.7     5.516555514e-06             0.00287
       259                 0.8     5.581317813e-06             0.00328
       259                 0.9     5.673835522e-06             0.00369
       259                   1     5.745679042e-06              0.0041
       260                 0.5     5.654377734e-06             0.00195
       260                 0.6     5.559484015e-06             0.00234
       260                 0.7     5.526458469e-06             0.00273
       260                 0.8     5.548149428e-06             0.00312
       260                 0.9     5.582753508e-06             0.00351
       260                   1     5.650092936e-06              0.0039
       261                 0.5     5.571374629e-06             0.00195
       261                 0.6     5.446963134e-06             0.00234
       261                 0.7     5.441802897e-06             0.00273
       261                 0.8     5.480927021e-06             0.00312
       261                 0.9     5.573771844e-06             0.00351
       261                   1     5.433560696e-06              0.0039
       261                 1.1     5.556023346e-06             0.00429
       261                 1.2     5.715070548e-06             0.00468
       261                 1.3     5.884961801e-06             0.00507
       262                 0.5     5.627029954e-06             0.00195
       262                 0.6     5.412469302e-06             0.00234
       262                 0.7      5.18474866e-06             0.00273
       262                 0.8     5.242918492e-06             0.00312
       262                 0.9      5.32344845e-06             0.00351
       262                   1     5.474466149e-06              0.0039
       263                 0.5     5.444303769e-06             0.00195
       263                 0.6     5.274498378e-06             0.00234
       263                 0.7      5.29790764e-06             0.00273
       263                 0.8     5.217469274e-06             0.00312
       263                 0.9     5.287847476e-06             0.00351
       263                   1     5.327103574e-06              0.0039
       263                 1.1     5.420725211e-06             0.00429
       264                 0.5     5.433617286e-06             0.00195
       264                 0.6     5.373219701e-06             0.00234
       264                 0.7      5.19255178e-06             0.00273
       264                 0.8     5.218559302e-06             0.00312
       264                 0.9     5.293497782e-06             0.00351
       264                   1     5.322800216e-06              0.0039
       265                 0.5     5.149287054e-06             0.00195
       265                 0.6     5.187027286e-06             0.00234
       265                 0.7     5.163333192e-06             0.00273
       265                 0.8     5.210504664e-06             0.00312
       265                 0.9     5.265057208e-06             0.00351
       265                   1     5.399475074e-06              0.0039
       266                 0.5     5.208427249e-06             0.00195
       266                 0.6     5.198857254e-06             0.00234
       266                 0.7     5.175689527e-06             0.00273
       266                 0.8      5.22155991e-06             0.00312
       266                 0.9     5.044229728e-06             0.00351
       266                   1     5.061273761e-06              0.0039
       266                 1.1     5.191478212e-06             0.00429
       266                 1.2     5.301412728e-06             0.00468
       267                 0.5     5.045852074e-06             0.00195
       267                 0.6     4.734324687e-06             0.00234
       267                 0.7     4.874156293e-06             0.00273
       267                 0.8     4.902008196e-06             0.00312
       267                 0.9     4.978678137e-06             0.00351
       268                 0.5     4.750822955e-06             0.00195
       268                 0.6     4.639710612e-06             0.00234
       268                 0.7     4.619192418e-06             0.00273
       268                 0.8     4.576151567e-06             0.00312
       268                 0.9     4.634246151e-06             0.00351
       268                   1     4.985717478e-06              0.0039
       268                 1.1     5.123084082e-06             0.00429
       269                 0.5     4.772842849e-06             0.00195
       269                 0.6     4.610153338e-06             0.00234
       269                 0.7     4.497843984e-06             0.00273
       269                 0.8     4.567540287e-06             0.00312
       269                 0.9     4.616058018e-06             0.00351
       269                   1     4.702982681e-06              0.0039
       270                 0.5     4.744226377e-06             0.00195
       270                 0.6     4.711815669e-06             0.00234
       270                 0.7     4.615875131e-06             0.00273
       270                 0.8     4.618433667e-06             0.00312
       270                 0.9     4.633738056e-06             0.00351
       270                   1     4.655691885e-06              0.0039
       271                 0.5     4.594750935e-06             0.00195
       271                 0.6     4.522592381e-06             0.00234
       271                 0.7     4.572894449e-06             0.00273
       271                 0.8     4.639543544e-06             0.00312
       271                 0.9     4.632261338e-06             0.00351
       271                   1     4.738022296e-06              0.0039
       271                 1.1     4.832613836e-06             0.00429
       271                 1.2     4.958393455e-06             0.00468
       272                 0.5     4.693286455e-06             0.00195
       272                 0.6     4.589479351e-06             0.00234
       272                 0.7     4.464760992e-06             0.00273
       272                 0.8     4.579839893e-06             0.00312
       272                 0.9     4.643529868e-06             0.00351
       272                   1     4.790709962e-06              0.0039
       273                 0.5     4.819133231e-06             0.00195
       273                 0.6      4.64450268e-06             0.00234
       273                 0.7     4.563495149e-06             0.00273
       273                 0.8     4.616873606e-06             0.00312
       273                 0.9     4.731213507e-06             0.00351
       273                   1      4.74386225e-06              0.0039
       274                 0.5     4.923867535e-06             0.00185
       274                 0.6     4.905310186e-06             0.00222
       274                 0.7     4.948749699e-06             0.00259
       274                 0.8     4.802714948e-06             0.00296
       274                 0.9     4.777552762e-06             0.00333
       274                   1     4.739324397e-06              0.0037
       274                 1.1     4.796070702e-06             0.00407
       274                 1.2     4.870330751e-06             0.00444
       274                 1.3     4.784894421e-06             0.00481
       274                 1.4     4.993090719e-06             0.00518
       274                 1.5       5.1828286e-06             0.00555
       274                 1.6     5.336519156e-06             0.00592
       275                 0.5     5.219611652e-06             0.00185
       275                 0.6     5.038986977e-06             0.00222
       275                 0.7     4.798678338e-06             0.00259
       275                 0.8     4.714655508e-06             0.00296
       275                 0.9     4.779505288e-06             0.00333
       275                   1     4.710140956e-06              0.0037
       275                 1.1     4.682794966e-06             0.00407
       275                 1.2     4.777584585e-06             0.00444
       275                 1.3     4.845458983e-06             0.00481
       275                 1.4     5.019865778e-06             0.00518
       276                 0.5      4.96380472e-06             0.00185
       276                 0.6     4.982557665e-06             0.00222
       276                 0.7     4.812935563e-06             0.00259
       276                 0.8     4.666446415e-06             0.00296
       276                 0.9     4.713153664e-06             0.00333
       276                   1     4.681232198e-06              0.0037
       276                 1.1     4.721903486e-06             0.00407
       276                 1.2     4.818598025e-06             0.00444
       276                 1.3      4.90994565e-06             0.00481
       277                 0.5      4.79948191e-06             0.00185
       277                 0.6       4.6696279e-06             0.00222
       277                 0.7     4.624049018e-06             0.00259
       277                 0.8     4.583150299e-06             0.00296
       277                 0.9     4.616834065e-06             0.00333
       277                   1     4.714226126e-06              0.0037
       277                 1.1     4.717202507e-06             0.00407
       278                 0.5     4.553295034e-06             0.00185
       278                 0.6     4.571423442e-06             0.00222
       278                 0.7     4.466185837e-06             0.00259
       278                 0.8     4.411270009e-06             0.00296
       278                 0.9     4.428033597e-06             0.00333
       278                   1     4.508136261e-06              0.0037
       278                 1.1      4.57472147e-06             0.00407
       279                 0.5     4.493238217e-06             0.00185
       279                 0.6     4.311374511e-06             0.00222
       279                 0.7     4.196378985e-06             0.00259
       279                 0.8     4.215338742e-06             0.00296
       279                 0.9     4.390949582e-06             0.00333
       279                   1     4.482751412e-06              0.0037
       280                 0.5     4.450108787e-06             0.00185
       280                 0.6     4.450631451e-06             0.00222
       280                 0.7     4.394339943e-06             0.00259
       280                 0.8     4.281840769e-06             0.00296
       280                 0.9     4.178416814e-06             0.00333
       280                   1     4.169971781e-06              0.0037
       280                 1.1     4.251500412e-06             0.00407
       280                 1.2      4.41246868e-06             0.00444
       280                 1.3     4.606276107e-06             0.00481
       281                 0.5     4.393654174e-06             0.00185
       281                 0.6     4.242989739e-06             0.00222
       281                 0.7     4.068827954e-06             0.00259
       281                 0.8     4.143773854e-06             0.00296
       281                 0.9      4.19059421e-06             0.00333
       281                   1     4.271019219e-06              0.0037
       282                 0.5     4.214075789e-06             0.00185
       282                 0.6     4.108948825e-06             0.00222
       282                 0.7      4.10399104e-06             0.00259
       282                 0.8     4.077934502e-06             0.00296
       282                 0.9     4.101322817e-06             0.00333
       282                   1      4.06253456e-06              0.0037
       282                 1.1     4.285097362e-06             0.00407
       282                 1.2     4.398983083e-06             0.00444
       282                 1.3     4.520176415e-06             0.00481
       283                 0.5     4.368230047e-06             0.00185
       283                 0.6     4.221918901e-06             0.00222
       283                 0.7     4.098261538e-06             0.00259
       283                 0.8     4.068547311e-06             0.00296
       283                 0.9     4.103236836e-06             0.00333
       283                   1     4.133771321e-06              0.0037
       283                 1.1     4.218811216e-06             0.00407
       284                 0.5     4.304609508e-06             0.00185
       284                 0.6     4.281210438e-06             0.00222
       284                 0.7     4.197527853e-06             0.00259
       284                 0.8     4.154020759e-06             0.00296
       284                 0.9     4.118589705e-06             0.00333
       284                   1      4.11880595e-06              0.0037
       284                 1.1      4.13641705e-06             0.00407
       284                 1.2     4.178413609e-06             0.00444
       285                 0.5      4.50140758e-06             0.00185
       285                 0.6     4.211808247e-06             0.00222
       285                 0.7      4.08064842e-06             0.00259
       285                 0.8     4.020138746e-06             0.00296
       285                 0.9     4.100884288e-06             0.00333
       285                   1     4.125712984e-06              0.0037
       285                 1.1     4.172404718e-06             0.00407
       286                 0.5     4.470595987e-06             0.00175
       286                 0.6     4.357685583e-06              0.0021
       286                 0.7     4.160942543e-06             0.00245
       286                 0.8     4.064819799e-06              0.0028
       286                 0.9     3.995917954e-06             0.00315
       286                   1     3.953565881e-06              0.0035
       286                 1.1     4.013281646e-06             0.00385
       286                 1.2     4.072540626e-06              0.0042
       286                 1.3     4.216554821e-06             0.00455
       287                 0.5     4.438889201e-06             0.00175
       287                 0.6     4.169896352e-06              0.0021
       287                 0.7     4.009891557e-06             0.00245
       287                 0.8     3.972980406e-06              0.0028
       287                 0.9     4.034394823e-06             0.00315
       287                   1     4.066592088e-06              0.0035
       287                 1.1     4.075353409e-06             0.00385
       288                 0.5     4.158965861e-06             0.00175
       288                 0.6     4.020679527e-06              0.0021
       288                 0.7     4.003960414e-06             0.00245
       288                 0.8      4.05314113e-06              0.0028
       288                 0.9     3.994537002e-06             0.00315
       288                   1     3.971347573e-06              0.0035
       288                 1.1     3.962648292e-06             0.00385
       288                 1.2     4.019269461e-06              0.0042
       288                 1.3     4.107831116e-06             0.00455
       288                 1.4     4.167010607e-06              0.0049
       289                 0.5     4.264102884e-06             0.00175
       289                 0.6     4.035561079e-06              0.0021
       289                 0.7     3.900759666e-06             0.00245
       289                 0.8     3.856462554e-06              0.0028
       289                 0.9     3.874843736e-06             0.00315
       289                   1      3.83867947e-06              0.0035
       289                 1.1     3.912233295e-06             0.00385
       289                 1.2     3.981688866e-06              0.0042
       289                 1.3     4.021078261e-06             0.00455
       290                 0.5     4.037626161e-06             0.00175
       290                 0.6        3.867461e-06              0.0021
       290                 0.7     3.790402305e-06             0.00245
       290                 0.8     3.691779257e-06              0.0028
       290                 0.9     3.738625979e-06             0.00315
       290                   1     3.761936068e-06              0.0035
       290                 1.1     3.853738071e-06             0.00385
       291                 0.5     4.127130739e-06             0.00175
       291                 0.6     3.972618931e-06              0.0021
       291                 0.7     3.716241915e-06             0.00245
       291                 0.8     3.695170605e-06              0.0028
       291                 0.9     3.647580547e-06             0.00315
       291                   1     3.617794014e-06              0.0035
       291                 1.1     3.654263379e-06             0.00385
       291                 1.2     3.710411205e-06              0.0042
       291                 1.3     3.851952857e-06             0.00455
       292                 0.5     3.873444379e-06             0.00175
       292                 0.6     3.683173358e-06              0.0021
       292                 0.7     3.682251438e-06             0.00245
       292                 0.8     3.582447311e-06              0.0028
       292                 0.9     3.629601677e-06             0.00315
       292                   1     3.589987564e-06              0.0035
       292                 1.1     3.584620262e-06             0.00385
       292                 1.2     3.719460073e-06              0.0042
       292                 1.3     3.738459079e-06             0.00455
       292                 1.4     3.811790752e-06              0.0049
       293                 0.5     3.776551631e-06             0.00175
       293                 0.6     3.635857436e-06              0.0021
       293                 0.7      3.51918412e-06             0.00245
       293                 0.8     3.486722138e-06              0.0028
       293                 0.9     3.516352207e-06             0.00315
       293                   1     3.609673433e-06              0.0035
       293                 1.1     3.610448595e-06             0.00385
       294                 0.5     3.808690679e-06             0.00175
       294                 0.6     3.614613468e-06              0.0021
       294                 0.7     3.508382465e-06             0.00245
       294                 0.8     3.512666045e-06              0.0028
       294                 0.9     3.542736157e-06             0.00315
       294                   1     3.570029349e-06              0.0035
       295                 0.5     3.885593329e-06             0.00175
       295                 0.6     3.699283215e-06              0.0021
       295                 0.7     3.585794079e-06             0.00245
       295                 0.8     3.603610487e-06              0.0028
       295                 0.9      3.53290952e-06             0.00315
       295                   1     3.513355584e-06              0.0035
       295                 1.1     3.646274505e-06             0.00385
       295                 1.2      3.77911025e-06              0.0042
       295                 1.3     3.827689692e-06             0.00455
       296                 0.5     4.201796972e-06             0.00165
       296                 0.6     3.951609269e-06             0.00198
       296                 0.7     3.718508482e-06             0.00231
       296                 0.8     3.652886205e-06             0.00264
       296                 0.9     3.626656004e-06             0.00297
       296                   1     3.606082263e-06              0.0033
       296                 1.1     3.602552112e-06             0.00363
       296                 1.2     3.644776963e-06             0.00396
       296                 1.3      3.66611056e-06             0.00429
       296                 1.4     3.695066673e-06             0.00462
       297                 0.5     4.249518439e-06             0.00165
       297                 0.6     4.196206445e-06             0.00198
       297                 0.7     3.937507501e-06             0.00231
       297                 0.8     3.809183574e-06             0.00264
       297                 0.9     3.767171554e-06             0.00297
       297                   1     3.709545681e-06              0.0033
       297                 1.1     3.644825848e-06             0.00363
       297                 1.2     3.594155253e-06             0.00396
       297                 1.3     3.675616377e-06             0.00429
       297                 1.4     3.679219019e-06             0.00462
       297                 1.5     3.710338266e-06             0.00495
       298                 0.5     4.116380049e-06             0.00165
       298                 0.6     3.988981605e-06             0.00198
       298                 0.7     3.769594885e-06             0.00231
       298                 0.8     3.687411579e-06             0.00264
       298                 0.9     3.688494516e-06             0.00297
       298                   1      3.71221833e-06              0.0033
       298                 1.1     3.619511801e-06             0.00363
       298                 1.2     3.631001649e-06             0.00396
       298                 1.3     3.691379257e-06             0.00429
       298                 1.4     3.716104216e-06             0.00462
       299                 0.5     3.977283532e-06             0.00165
       299                 0.6     3.815724234e-06             0.00198
       299                 0.7     3.680334882e-06             0.00231
       299                 0.8     3.551694358e-06             0.00264
       299                 0.9     3.550233069e-06             0.00297
       299                   1     3.588572199e-06              0.0033
       299                 1.1     3.567190751e-06             0.00363
       299                 1.2     3.639645503e-06             0.00396
       299                 1.3     3.753521348e-06             0.00429
       299                 1.4      3.76327739e-06             0.00462
       300                 0.5     3.799222935e-06             0.00165
       300                 0.6     3.719923891e-06             0.00198
       300                 0.7      3.61786972e-06             0.00231
       300                 0.8     3.477329591e-06             0.00264
       300                 0.9     3.491378503e-06             0.00297
       300                   1     3.513092112e-06              0.0033
       300                 1.1     3.500421108e-06             0.00363
       300                 1.2     3.502397582e-06             0.00396
       300                 1.3     3.573033362e-06             0.00429
       300                 1.4     3.598593524e-06             0.00462
       301                 0.5     3.795587914e-06             0.00165
       301                 0.6     3.666749738e-06             0.00198
       301                 0.7     3.472956566e-06             0.00231
       301                 0.8     3.375025095e-06             0.00264
       301                 0.9     3.398122913e-06             0.00297
       301                   1     3.411367605e-06              0.0033
       301                 1.1     3.349183181e-06             0.00363
       301                 1.2     3.296791784e-06             0.00396
       301                 1.3     3.372294794e-06             0.00429
       301                 1.4     3.508846145e-06             0.00462
       301                 1.5     3.520121793e-06             0.00495
       302                 0.5     3.687565158e-06             0.00165
       302                 0.6     3.611942986e-06             0.00198
       302                 0.7     3.402397608e-06             0.00231
       302                 0.8     3.254449549e-06             0.00264
       302                 0.9     3.211087821e-06             0.00297
       302                   1     3.228554737e-06              0.0033
       302                 1.1     3.264869765e-06             0.00363
       302                 1.2     3.278495538e-06             0.00396
       303                 0.5     3.570640597e-06             0.00165
       303                 0.6     3.474376929e-06             0.00198
       303                 0.7      3.35290019e-06             0.00231
       303                 0.8     3.228288079e-06             0.00264
       303                 0.9     3.211724697e-06             0.00297
       303                   1     3.144352144e-06              0.0033
       303                 1.1     3.240979151e-06             0.00363
       303                 1.2     3.272256145e-06             0.00396
       303                 1.3     3.323451927e-06             0.00429
       304                 0.5     3.515279078e-06             0.00165
       304                 0.6     3.364481481e-06             0.00198
       304                 0.7      3.34798405e-06             0.00231
       304                 0.8     3.245728602e-06             0.00264
       304                 0.9     3.243058164e-06             0.00297
       304                   1     3.249029956e-06              0.0033
       304                 1.1      3.28537097e-06             0.00363
       304                 1.2     3.276320648e-06             0.00396
       304                 1.3     3.326703391e-06             0.00429
       304                 1.4     3.368295229e-06             0.00462
       304                 1.5     3.501672439e-06             0.00495
       305                 0.5     3.542042224e-06             0.00165
       305                 0.6     3.402452582e-06             0.00198
       305                 0.7     3.305419064e-06             0.00231
       305                 0.8     3.218218797e-06             0.00264
       305                 0.9     3.212019365e-06             0.00297
       305                   1     3.295608036e-06              0.0033
       305                 1.1     3.289658678e-06             0.00363
       305                 1.2     3.286959904e-06             0.00396
       305                 1.3     3.351030345e-06             0.00429
       305                 1.4      3.39295433e-06             0.00462
       305                 1.5      3.46067647e-06             0.00495
       306                 0.5     3.824714981e-06             0.00165
       306                 0.6     3.600411939e-06             0.00198
       306                 0.7     3.450048198e-06             0.00231
       306                 0.8     3.338269964e-06             0.00264
       306                 0.9     3.257894655e-06             0.00297
       306                   1     3.217910499e-06              0.0033
       306                 1.1     3.289410088e-06             0.00363
       306                 1.2     3.265005805e-06             0.00396
       306                 1.3     3.298861557e-06             0.00429
       306                 1.4     3.383870944e-06             0.00462
       306                 1.5     3.429474736e-06             0.00495
       307                 0.5     3.887465601e-06             0.00155
       307                 0.6     3.655478305e-06             0.00186
       307                 0.7     3.470542435e-06             0.00217
       307                 0.8     3.480449117e-06             0.00248
       307                 0.9     3.351912063e-06             0.00279
       307                   1     3.277407305e-06              0.0031
       307                 1.1     3.249631151e-06             0.00341
       307                 1.2     3.262466444e-06             0.00372
       307                 1.3     3.303154771e-06             0.00403
       307                 1.4     3.406956308e-06             0.00434
       308                 0.5     3.838253942e-06             0.00155
       308                 0.6     3.660346343e-06             0.00186
       308                 0.7     3.465491685e-06             0.00217
       308                 0.8     3.347318767e-06             0.00248
       308                 0.9     3.326426711e-06             0.00279
       308                   1     3.351077765e-06              0.0031
       308                 1.1     3.333482549e-06             0.00341
       308                 1.2     3.375425989e-06             0.00372
       308                 1.3     3.441638527e-06             0.00403
       308                 1.4     3.490469315e-06             0.00434
       309                 0.5     3.703156396e-06             0.00155
       309                 0.6     3.661786653e-06             0.00186
       309                 0.7     3.467340139e-06             0.00217
       309                 0.8     3.452849426e-06             0.00248
       309                 0.9     3.451195005e-06             0.00279
       309                   1     3.456037756e-06              0.0031
       309                 1.1     3.469036847e-06             0.00341
       309                 1.2     3.460799054e-06             0.00372
       309                 1.3     3.560290411e-06             0.00403
       309                 1.4     3.527529892e-06             0.00434
       309                 1.5     3.613526931e-06             0.00465
       309                 1.6     3.614438931e-06             0.00496
       309                 1.7     3.785413125e-06             0.00527
       310                 0.5     3.952848574e-06             0.00155
       310                 0.6     3.692480296e-06             0.00186
       310                 0.7     3.627917872e-06             0.00217
       310                 0.8     3.477036262e-06             0.00248
       310                 0.9     3.452667118e-06             0.00279
       310                   1     3.424749528e-06              0.0031
       310                 1.1     3.408927453e-06             0.00341
       310                 1.2     3.427397368e-06             0.00372
       310                 1.3     3.548594954e-06             0.00403
       310                 1.4     3.517831175e-06             0.00434
       310                 1.5     3.559831918e-06             0.00465
       310                 1.6     3.596004351e-06             0.00496
       310                 1.7     3.750317225e-06             0.00527
       311                 0.5     4.099672548e-06             0.00155
       311                 0.6     3.693171406e-06             0.00186
       311                 0.7     3.505000453e-06             0.00217
       311                 0.8     3.472926338e-06             0.00248
       311                 0.9     3.503404582e-06             0.00279
       311                   1     3.428252774e-06              0.0031
       311                 1.1     3.381793822e-06             0.00341
       311                 1.2     3.383843188e-06             0.00372
       311                 1.3     3.451957857e-06             0.00403
       311                 1.4     3.551608941e-06             0.00434
       312                 0.5     3.869127165e-06             0.00155
       312                 0.6     3.712555172e-06             0.00186
       312                 0.7     3.569824045e-06             0.00217
       312                 0.8     3.488511707e-06             0.00248
       312                 0.9      3.50569883e-06             0.00279
       312                   1     3.444672407e-06              0.0031
       312                 1.1     3.420155212e-06             0.00341
       312                 1.2      3.53020489e-06             0.00372
       312                 1.3     3.544469298e-06             0.00403
       312                 1.4     3.549642943e-06             0.00434
       313                 0.5     3.802431521e-06             0.00155
       313                 0.6     3.677637514e-06             0.00186
       313                 0.7     3.532922803e-06             0.00217
       313                 0.8      3.52932294e-06             0.00248
       313                 0.9      3.45357863e-06             0.00279
       313                   1     3.407162018e-06              0.0031
       313                 1.1     3.518884326e-06             0.00341
       313                 1.2      3.54219021e-06             0.00372
       313                 1.3     3.532616226e-06             0.00403
       313                 1.4     3.571374458e-06             0.00434
       313                 1.5     3.586676567e-06             0.00465
       313                 1.6     3.694167905e-06             0.00496
       314                 0.5     3.929318597e-06             0.00155
       314                 0.6     3.544311588e-06             0.00186
       314                 0.7     3.493753901e-06             0.00217
       314                 0.8     3.399895846e-06             0.00248
       314                 0.9     3.321139277e-06             0.00279
       314                   1     3.343916519e-06              0.0031
       314                 1.1     3.419351666e-06             0.00341
       314                 1.2     3.415550073e-06             0.00372
       314                 1.3     3.526161772e-06             0.00403
       314                 1.4     3.621344109e-06             0.00434
       314                 1.5     3.728934434e-06             0.00465
       315                 0.5     3.949407133e-06             0.00155
       315                 0.6     3.603938671e-06             0.00186
       315                 0.7      3.55912631e-06             0.00217
       315                 0.8     3.432124671e-06             0.00248
       315                 0.9     3.413816503e-06             0.00279
       315                   1     3.450226225e-06              0.0031
       315                 1.1     3.375272831e-06             0.00341
       315                 1.2     3.411744778e-06             0.00372
       315                 1.3     3.427272913e-06             0.00403
       315                 1.4     3.466409728e-06             0.00434
       316                 0.5     3.855530763e-06             0.00155
       316                 0.6     3.770137535e-06             0.00186
       316                 0.7     3.643454422e-06             0.00217
       316                 0.8      3.59218648e-06             0.00248
       316                 0.9     3.460969879e-06             0.00279
       316                   1      3.35932711e-06              0.0031
       316                 1.1     3.447986666e-06             0.00341
       316                 1.2     3.541559701e-06             0.00372
       316                 1.3     3.524730943e-06             0.00403
       316                 1.4     3.546667928e-06             0.00434
       316                 1.5      3.60285915e-06             0.00465
       316                 1.6     3.678295484e-06             0.00496
       317                 0.5     3.894883674e-06             0.00155
       317                 0.6     3.548543655e-06             0.00186
       317                 0.7     3.530982649e-06             0.00217
       317                 0.8     3.477396491e-06             0.00248
       317                 0.9     3.450451262e-06             0.00279
       317                   1     3.398684818e-06              0.0031
       317                 1.1     3.525567055e-06             0.00341
       317                 1.2     3.529869504e-06             0.00372
       317                 1.3     3.517811079e-06             0.00403
       317                 1.4     3.559152964e-06             0.00434
       317                 1.5     3.679124918e-06             0.00465
       317                 1.6     3.747964349e-06             0.00496
       318                 0.5     3.935153464e-06             0.00145
       318                 0.6     3.754597737e-06             0.00174
       318                 0.7     3.577792218e-06             0.00203
       318                 0.8     3.523356102e-06             0.00232
       318                 0.9     3.491500687e-06             0.00261
       318                   1     3.475441675e-06              0.0029
       318                 1.1     3.455944466e-06             0.00319
       318                 1.2     3.472713891e-06             0.00348
       318                 1.3     3.499618509e-06             0.00377
       318                 1.4     3.591207698e-06             0.00406
       319                 0.5     3.914229948e-06             0.00145
       319                 0.6     3.624053968e-06             0.00174
       319                 0.7     3.622218277e-06             0.00203
       319                 0.8     3.681432438e-06             0.00232
       319                 0.9     3.465906302e-06             0.00261
       319                   1     3.518518267e-06              0.0029
       319                 1.1     3.442553941e-06             0.00319
       319                 1.2     3.557234122e-06             0.00348
       319                 1.3     3.571099126e-06             0.00377
       319                 1.4     3.576590887e-06             0.00406
       320                 0.5      3.96797081e-06             0.00145
       320                 0.6     3.967140687e-06             0.00174
       320                 0.7     3.636379388e-06             0.00203
       320                 0.8     3.618137678e-06             0.00232
       320                 0.9     3.436391502e-06             0.00261
       320                   1     3.382079359e-06              0.0029
       320                 1.1     3.353306926e-06             0.00319
       320                 1.2     3.461153307e-06             0.00348
       320                 1.3     3.460373197e-06             0.00377
       320                 1.4     3.498815404e-06             0.00406
       320                 1.5      3.63434663e-06             0.00435
       320                 1.6     3.724175327e-06             0.00464
       321                 0.5     3.976356056e-06             0.00145
       321                 0.6      3.73991253e-06             0.00174
       321                 0.7     3.519144079e-06             0.00203
       321                 0.8     3.380295815e-06             0.00232
       321                 0.9     3.341007808e-06             0.00261
       321                   1     3.487639277e-06              0.0029
       321                 1.1     3.587721018e-06             0.00319
       321                 1.2     3.495342917e-06             0.00348
       321                 1.3     3.452876733e-06             0.00377
       321                 1.4     3.462715662e-06             0.00406
       321                 1.5     3.461212154e-06             0.00435
       321                 1.6     3.521925289e-06             0.00464
       321                 1.7       3.6251719e-06             0.00493
       321                 1.8      3.67916933e-06             0.00522
       322                 0.5     3.686026304e-06             0.00145
       322                 0.6     3.760693302e-06             0.00174
       322                 0.7     3.691220482e-06             0.00203
       322                 0.8     3.519217437e-06             0.00232
       322                 0.9     3.424572854e-06             0.00261
       322                   1     3.333511055e-06              0.0029
       322                 1.1     3.350242694e-06             0.00319
       322                 1.2     3.285737647e-06             0.00348
       322                 1.3     3.296128961e-06             0.00377
       322                 1.4     3.444824106e-06             0.00406
       322                 1.5     3.552457627e-06             0.00435
       323                 0.5     3.644733628e-06             0.00145
       323                 0.6     3.506455442e-06             0.00174
       323                 0.7     3.261866459e-06             0.00203
       323                 0.8     3.215349353e-06             0.00232
       323                 0.9     3.172278669e-06             0.00261
       323                   1     3.227882081e-06              0.0029
       323                 1.1     3.220345445e-06             0.00319
       323                 1.2     3.288143704e-06             0.00348
       323                 1.3     3.441963741e-06             0.00377
       323                 1.4     3.446719524e-06             0.00406
       324                 0.5     3.635029561e-06             0.00145
       324                 0.6     3.491090507e-06             0.00174
       324                 0.7      3.29648302e-06             0.00203
       324                 0.8     3.281883598e-06             0.00232
       324                 0.9      3.19660112e-06             0.00261
       324                   1     3.218145042e-06              0.0029
       324                 1.1     3.211658216e-06             0.00319
       324                 1.2     3.238857023e-06             0.00348
       324                 1.3     3.258901777e-06             0.00377
       324                 1.4     3.293725127e-06             0.00406
       325                 0.5     3.575752405e-06             0.00145
       325                 0.6     3.415569327e-06             0.00174
       325                 0.7     3.320235826e-06             0.00203
       325                 0.8     3.308787405e-06             0.00232
       325                 0.9      3.25806981e-06             0.00261
       325                   1     3.225699191e-06              0.0029
       325                 1.1     3.195167226e-06             0.00319
       325                 1.2       3.1932305e-06             0.00348
       325                 1.3     3.222821805e-06             0.00377
       325                 1.4     3.277749975e-06             0.00406
       325                 1.5      3.34350675e-06             0.00435
       326                 0.5     3.744366828e-06             0.00145
       326                 0.6     3.599374363e-06             0.00174
       326                 0.7     3.375505413e-06             0.00203
       326                 0.8     3.209021548e-06             0.00232
       326                 0.9     3.138361372e-06             0.00261
       326                   1     3.109868023e-06              0.0029
       326                 1.1     3.132033349e-06             0.00319
       326                 1.2       3.3120684e-06             0.00348
       326                 1.3     3.352564056e-06             0.00377
       327                 0.5     3.658160527e-06             0.00145
       327                 0.6      3.52499696e-06             0.00174
       327                 0.7     3.461033648e-06             0.00203
       327                 0.8     3.429921882e-06             0.00232
       327                 0.9     3.439045953e-06             0.00261
       327                   1     3.420803029e-06              0.0029
       327                 1.1     3.422676117e-06             0.00319
       327                 1.2      3.47210693e-06             0.00348
       327                 1.3     3.550069315e-06             0.00377
       328                 0.5      4.12506407e-06             0.00135
       328                 0.6     3.813782803e-06             0.00162
       328                 0.7     3.702975922e-06             0.00189
       328                 0.8     3.648997863e-06             0.00216
       328                 0.9     3.603813484e-06             0.00243
       328                   1     3.581710521e-06              0.0027
       328                 1.1     3.650599354e-06             0.00297
       328                 1.2     3.614951784e-06             0.00324
       328                 1.3     3.643141745e-06             0.00351
       328                 1.4      3.63560767e-06             0.00378
       328                 1.5     3.630885218e-06             0.00405
       328                 1.6     3.637911382e-06             0.00432
       328                 1.7     3.625044527e-06             0.00459
       328                 1.8     3.640148068e-06             0.00486
       328                 1.9     3.705105153e-06             0.00513
       328                   2     3.773645198e-06              0.0054
       329                 0.5     4.594046818e-06             0.00135
       329                 0.6     4.316201048e-06             0.00162
       329                 0.7       4.0381891e-06             0.00189
       329                 0.8     3.839785361e-06             0.00216
       329                 0.9      3.70081148e-06             0.00243
       329                   1     3.582246924e-06              0.0027
       329                 1.1     3.468853611e-06             0.00297
       329                 1.2      3.46944578e-06             0.00324
       329                 1.3     3.420494508e-06             0.00351
       329                 1.4     3.449588591e-06             0.00378
       329                 1.5     3.515785215e-06             0.00405
       329                 1.6     3.634057606e-06             0.00432
       330                 0.5      4.23353625e-06             0.00135
       330                 0.6      3.93441013e-06             0.00162
       330                 0.7     3.852696671e-06             0.00189
       330                 0.8     3.691091291e-06             0.00216
       330                 0.9     3.549678056e-06             0.00243
       330                   1     3.564678149e-06              0.0027
       330                 1.1     3.456771069e-06             0.00297
       330                 1.2     3.429210184e-06             0.00324
       330                 1.3     3.430207739e-06             0.00351
       330                 1.4     3.472700721e-06             0.00378
       330                 1.5     3.546048309e-06             0.00405
       331                 0.5     3.682361753e-06             0.00135
       331                 0.6     3.526941652e-06             0.00162
       331                 0.7     3.438453511e-06             0.00189
       331                 0.8     3.382899495e-06             0.00216
       331                 0.9      3.39730933e-06             0.00243
       331                   1      3.41097069e-06              0.0027
       331                 1.1     3.498825061e-06             0.00297
       332                 0.5     3.691522099e-06             0.00135
       332                 0.6     3.461812334e-06             0.00162
       332                 0.7      3.36659172e-06             0.00189
       332                 0.8     3.297160144e-06             0.00216
       332                 0.9     3.362675156e-06             0.00243
       332                   1      3.34760984e-06              0.0027
       332                 1.1     3.368008635e-06             0.00297
       332                 1.2     3.443054148e-06             0.00324
       332                 1.3     3.483310549e-06             0.00351
       333                 0.5      4.25422632e-06             0.00135
       333                 0.6     3.964794243e-06             0.00162
       333                 0.7     3.616585357e-06             0.00189
       333                 0.8     3.517697883e-06             0.00216
       333                 0.9     3.375240802e-06             0.00243
       333                   1     3.301868445e-06              0.0027
       333                 1.1     3.257110063e-06             0.00297
       333                 1.2     3.238765006e-06             0.00324
       333                 1.3     3.278548396e-06             0.00351
       333                 1.4     3.340802523e-06             0.00378
       333                 1.5     3.454655203e-06             0.00405
       334                 0.5     4.026739501e-06             0.00135
       334                 0.6     3.907831365e-06             0.00162
       334                 0.7     3.685411974e-06             0.00189
       334                 0.8      3.54271323e-06             0.00216
       334                 0.9     3.381685685e-06             0.00243
       334                   1     3.471610602e-06              0.0027
       334                 1.1     3.459425972e-06             0.00297
       334                 1.2     3.452209599e-06             0.00324
       334                 1.3     3.415464477e-06             0.00351
       334                 1.4     3.439214947e-06             0.00378
       334                 1.5     3.529340968e-06             0.00405
       334                 1.6     3.578591949e-06             0.00432
       335                 0.5     3.736232963e-06             0.00135
       335                 0.6     3.723805626e-06             0.00162
       335                 0.7      3.63189205e-06             0.00189
       335                 0.8     3.523424609e-06             0.00216
       335                 0.9     3.503232794e-06             0.00243
       335                   1     3.591138629e-06              0.0027
       335                 1.1       3.6177463e-06             0.00297
       335                 1.2     3.592779743e-06             0.00324
       335                 1.3     3.618006772e-06             0.00351
       335                 1.4     3.668215823e-06             0.00378
       335                 1.5     3.739536508e-06             0.00405
       336                 0.5     4.082242267e-06             0.00135
       336                 0.6     3.779634023e-06             0.00162
       336                 0.7     3.666869091e-06             0.00189
       336                 0.8     3.567139151e-06             0.00216
       336                 0.9     3.547893074e-06             0.00243
       336                   1     3.532558602e-06              0.0027
       336                 1.1     3.554982785e-06             0.00297
       336                 1.2     3.470105786e-06             0.00324
       336                 1.3     3.538933262e-06             0.00351
       336                 1.4     3.599596009e-06             0.00378
       336                 1.5     3.668424562e-06             0.00405
       337                 0.5     4.532631686e-06             0.00125
       337                 0.6     4.128882158e-06              0.0015
       337                 0.7     3.772916817e-06             0.00175
       337                 0.8     3.582536581e-06               0.002
       337                 0.9     3.542703077e-06             0.00225
       337                   1     3.525745953e-06              0.0025
       337                 1.1     3.423345043e-06             0.00275
       337                 1.2     3.406821932e-06               0.003
       337                 1.3     3.450748094e-06             0.00325
       337                 1.4     3.438963497e-06              0.0035
       337                 1.5     3.493093343e-06             0.00375
       337                 1.6     3.560695399e-06               0.004
       337                 1.7     3.664348768e-06             0.00425
       338                 0.5     4.127247621e-06             0.00125
       338                 0.6     3.876283585e-06              0.0015
       338                 0.7     3.677885477e-06             0.00175
       338                 0.8     3.560521868e-06               0.002
       338                 0.9     3.502830735e-06             0.00225
       338                   1      3.51915525e-06              0.0025
       338                 1.1     3.552103298e-06             0.00275
       338                 1.2     3.510470845e-06               0.003
       338                 1.3     3.539880612e-06             0.00325
       338                 1.4     3.576906483e-06              0.0035
       338                 1.5     3.594781173e-06             0.00375
       339                 0.5     3.823188964e-06             0.00125
       339                 0.6     3.690677214e-06              0.0015
       339                 0.7     3.673066103e-06             0.00175
       339                 0.8     3.516898029e-06               0.002
       339                 0.9     3.450096304e-06             0.00225
       339                   1     3.428255028e-06              0.0025
       339                 1.1     3.562403251e-06             0.00275
       339                 1.2     3.596957729e-06               0.003
       339                 1.3     3.533481204e-06             0.00325
       339                 1.4     3.623993679e-06              0.0035
       339                 1.5      3.69069862e-06             0.00375
       339                 1.6     3.728105235e-06               0.004
       340                 0.5     4.096394284e-06             0.00125
       340                 0.6     4.018310984e-06              0.0015
       340                 0.7      3.96411122e-06             0.00175
       340                 0.8     3.767075662e-06               0.002
       340                 0.9     3.538696924e-06             0.00225
       340                   1     3.503095003e-06              0.0025
       340                 1.1     3.424189773e-06             0.00275
       340                 1.2     3.427663674e-06               0.003
       340                 1.3     3.489256999e-06             0.00325
       340                 1.4     3.518111174e-06              0.0035
       341                 0.5     4.274155667e-06             0.00125
       341                 0.6       3.9653657e-06              0.0015
       341                 0.7     3.807006473e-06             0.00175
       341                 0.8     3.624995249e-06               0.002
       341                 0.9      3.69175419e-06             0.00225
       341                   1     3.702535898e-06              0.0025
       341                 1.1     3.601740562e-06             0.00275
       341                 1.2     3.598674749e-06               0.003
       341                 1.3     3.574935799e-06             0.00325
       341                 1.4     3.594263091e-06              0.0035
       341                 1.5     3.552380516e-06             0.00375
       341                 1.6     3.603359927e-06               0.004
       341                 1.7     3.677330697e-06             0.00425
       341                 1.8     3.755168449e-06              0.0045
       342                 0.5     4.438885226e-06             0.00125
       342                 0.6     4.034906841e-06              0.0015
       342                 0.7     3.815618305e-06             0.00175
       342                 0.8     3.636534274e-06               0.002
       342                 0.9     3.614326908e-06             0.00225
       342                   1     3.580417545e-06              0.0025
       342                 1.1     3.617770176e-06             0.00275
       342                 1.2     3.613030908e-06               0.003
       342                 1.3     3.589677184e-06             0.00325
       342                 1.4     3.583345837e-06              0.0035
       342                 1.5     3.691278941e-06             0.00375
       342                 1.6     3.651178944e-06               0.004
       342                 1.7     3.678081102e-06             0.00425
       342                 1.8     3.798362828e-06              0.0045
       342                 1.9     3.814860179e-06             0.00475
       343                 0.5     4.226880997e-06             0.00125
       343                 0.6     3.865952491e-06              0.0015
       343                 0.7      3.64586022e-06             0.00175
       343                 0.8     3.584744989e-06               0.002
       343                 0.9     3.513493417e-06             0.00225
       343                   1     3.518705741e-06              0.0025
       343                 1.1     3.468074356e-06             0.00275
       343                 1.2     3.432965563e-06               0.003
       343                 1.3     3.471639529e-06             0.00325
       343                 1.4     3.504101104e-06              0.0035
       343                 1.5     3.629939183e-06             0.00375
       344                 0.5     3.949155685e-06             0.00125
       344                 0.6     3.713071174e-06              0.0015
       344                 0.7     3.548027675e-06             0.00175
       344                 0.8     3.541847437e-06               0.002
       344                 0.9     3.644154069e-06             0.00225
       344                   1     3.458977994e-06              0.0025
       344                 1.1     3.463899309e-06             0.00275
       344                 1.2     3.527522951e-06               0.003
       344                 1.3     3.552003845e-06             0.00325
       345                 0.5      4.07648352e-06             0.00115
       345                 0.6     3.979262273e-06             0.00138
       345                 0.7      3.93484467e-06             0.00161
       345                 0.8     3.796986108e-06             0.00184
       345                 0.9     3.678934114e-06             0.00207
       345                   1     3.670289986e-06              0.0023
       345                 1.1     3.563675422e-06             0.00253
       345                 1.2     3.588428201e-06             0.00276
       345                 1.3     3.743681862e-06             0.00299
       345                 1.4     3.790298823e-06             0.00322
       346                 0.5     4.627705762e-06             0.00115
       346                 0.6     4.260673578e-06             0.00138
       346                 0.7     4.089545288e-06             0.00161
       346                 0.8     3.930725445e-06             0.00184
       346                 0.9     3.870265314e-06             0.00207
       346                   1     3.858778263e-06              0.0023
       346                 1.1     3.887290573e-06             0.00253
       346                 1.2     3.892317413e-06             0.00276
       346                 1.3     3.917214182e-06             0.00299
       347                 0.5     5.005531604e-06             0.00115
       347                 0.6     4.831638563e-06             0.00138
       347                 0.7     4.517124558e-06             0.00161
       347                 0.8     4.461796594e-06             0.00184
       347                 0.9     4.227828961e-06             0.00207
       347                   1     4.111954695e-06              0.0023
       347                 1.1     4.050576485e-06             0.00253
       347                 1.2      3.93539416e-06             0.00276
       347                 1.3      3.83600337e-06             0.00299
       347                 1.4     3.818576689e-06             0.00322
       347                 1.5     3.824883067e-06             0.00345
       347                 1.6     3.889364015e-06             0.00368
       347                 1.7     3.963006547e-06             0.00391
       348                 0.5     4.904500732e-06             0.00115
       348                 0.6     4.581545971e-06             0.00138
       348                 0.7     4.004347835e-06             0.00161
       348                 0.8     3.944272041e-06             0.00184
       348                 0.9     3.826211745e-06             0.00207
       348                   1     3.820656847e-06              0.0023
       348                 1.1     3.880591525e-06             0.00253
       348                 1.2     3.906983542e-06             0.00276
       348                 1.3     3.960249907e-06             0.00299
       349                 0.5     4.176240601e-06             0.00115
       349                 0.6      4.03990607e-06             0.00138
       349                 0.7     3.941762425e-06             0.00161
       349                 0.8     3.973602531e-06             0.00184
       349                 0.9     3.957806735e-06             0.00207
       349                   1     3.921185046e-06              0.0023
       349                 1.1     3.986944394e-06             0.00253
       349                 1.2     4.094947681e-06             0.00276
       349                 1.3      4.05922781e-06             0.00299
       349                 1.4     3.958843702e-06             0.00322
       349                 1.5     3.974252225e-06             0.00345
       349                 1.6     3.942087086e-06             0.00368
       349                 1.7     4.033628845e-06             0.00391
       349                 1.8     4.120979335e-06             0.00414
       349                 1.9     4.249019824e-06             0.00437
       350                 0.5     4.831669447e-06             0.00115
       350                 0.6     4.595843003e-06             0.00138
       350                 0.7      4.03947736e-06             0.00161
       350                 0.8      3.80507149e-06             0.00184
       350                 0.9     3.659282944e-06             0.00207
       350                   1     3.598550656e-06              0.0023
       350                 1.1     3.568497787e-06             0.00253
       350                 1.2     3.608651789e-06             0.00276
       350                 1.3     3.728132244e-06             0.00299
       350                 1.4     3.842548502e-06             0.00322
       351                 0.5     4.499960868e-06             0.00115
       351                 0.6     4.286509579e-06             0.00138
       351                 0.7       4.0805104e-06             0.00161
       351                 0.8     4.096055911e-06             0.00184
       351                 0.9     3.898340031e-06             0.00207
       351                   1     3.874358559e-06              0.0023
       351                 1.1     3.787492203e-06             0.00253
       351                 1.2     3.739227392e-06             0.00276
       351                 1.3     3.725125675e-06             0.00299
       351                 1.4     3.755070655e-06             0.00322
       351                 1.5     3.766746239e-06             0.00345
       351                 1.6      3.89900458e-06             0.00368
       352                 0.5     4.339676764e-06             0.00115
       352                 0.6     3.949756555e-06             0.00138
       352                 0.7     3.915220193e-06             0.00161
       352                 0.8     3.836274564e-06             0.00184
       352                 0.9     3.750077067e-06             0.00207
       352                   1     3.830082594e-06              0.0023
       352                 1.1     3.972929895e-06             0.00253
       352                 1.2      3.94245189e-06             0.00276
       352                 1.3     3.989680499e-06             0.00299
       352                 1.4     4.040187629e-06             0.00322
       352                 1.5     4.082874883e-06             0.00345
       353                 0.5      4.88827646e-06             0.00105
       353                 0.6     4.649551838e-06             0.00126
       353                 0.7     4.460356157e-06             0.00147
       353                 0.8        4.244074e-06             0.00168
       353                 0.9      4.01766686e-06             0.00189
       353                   1     3.988294977e-06              0.0021
       353                 1.1     3.952191418e-06             0.00231
       353                 1.2     3.874335383e-06             0.00252
       353                 1.3      3.84570637e-06             0.00273
       353                 1.4     4.007656994e-06             0.00294
       353                 1.5     4.036866348e-06             0.00315
       353                 1.6     4.208510964e-06             0.00336
       354                 0.5     5.055101995e-06             0.00105
       354                 0.6     4.718922182e-06             0.00126
       354                 0.7     4.513223702e-06             0.00147
       354                 0.8     4.272964798e-06             0.00168
       354                 0.9     4.356163122e-06             0.00189
       354                   1     4.268518939e-06              0.0021
       354                 1.1     4.183499635e-06             0.00231
       354                 1.2     4.192210165e-06             0.00252
       354                 1.3     4.194646832e-06             0.00273
       354                 1.4     4.158846573e-06             0.00294
       354                 1.5     4.220468564e-06             0.00315
       354                 1.6     4.206738169e-06             0.00336
       354                 1.7     4.152751452e-06             0.00357
       354                 1.8     4.156780968e-06             0.00378
       354                 1.9     4.168544479e-06             0.00399
       354                   2     4.212846353e-06              0.0042
       355                 0.5      4.88579207e-06             0.00105
       355                 0.6      4.58626612e-06             0.00126
       355                 0.7     4.294558327e-06             0.00147
       355                 0.8     4.498435509e-06             0.00168
       355                 0.9     4.406759633e-06             0.00189
       355                   1     4.295171095e-06              0.0021
       355                 1.1     4.171248762e-06             0.00231
       355                 1.2     4.114884249e-06             0.00252
       355                 1.3     4.091065168e-06             0.00273
       355                 1.4     4.091934078e-06             0.00294
       355                 1.5     4.122567585e-06             0.00315
       355                 1.6     4.115800766e-06             0.00336
       355                 1.7     4.165277582e-06             0.00357
       355                 1.8      4.27958208e-06             0.00378
       355                 1.9     4.320762609e-06             0.00399
       356                 0.5      4.91253261e-06             0.00105
       356                 0.6     4.444561519e-06             0.00126
       356                 0.7     4.295141095e-06             0.00147
       356                 0.8     4.108617551e-06             0.00168
       356                 0.9     4.069496592e-06             0.00189
       356                   1     4.032166704e-06              0.0021
       356                 1.1     3.991992053e-06             0.00231
       356                 1.2      3.99369448e-06             0.00252
       356                 1.3     4.015180457e-06             0.00273
       356                 1.4     4.053028768e-06             0.00294
       357                 0.5     4.773914554e-06             0.00105
       357                 0.6      4.58258795e-06             0.00126
       357                 0.7     4.363615841e-06             0.00147
       357                 0.8     4.166438583e-06             0.00168
       357                 0.9     4.151482208e-06             0.00189
       357                   1     4.014937732e-06              0.0021
       357                 1.1     4.157946133e-06             0.00231
       357                 1.2     4.064873535e-06             0.00252
       357                 1.3     4.128509344e-06             0.00273
       357                 1.4      4.11973763e-06             0.00294
       357                 1.5     4.125096161e-06             0.00315
       357                 1.6     4.165204915e-06             0.00336
       357                 1.7     4.288179433e-06             0.00357
       358                 0.5     5.208264475e-06             0.00105
       358                 0.6     4.939169151e-06             0.00126
       358                 0.7     4.567172946e-06             0.00147
       358                 0.8     4.261422755e-06             0.00168
       358                 0.9     4.136762811e-06             0.00189
       358                   1     4.094460325e-06              0.0021
       358                 1.1     4.124936087e-06             0.00231
       358                 1.2     4.167173472e-06             0.00252
       358                 1.3     4.179511621e-06             0.00273
       359                 0.5     5.145081241e-06             0.00105
       359                 0.6     4.848675138e-06             0.00126
       359                 0.7     4.611443033e-06             0.00147
       359                 0.8     4.622616786e-06             0.00168
       359                 0.9     4.572269106e-06             0.00189
       359                   1     4.518675335e-06              0.0021
       359                 1.1     4.569734302e-06             0.00231
       359                 1.2     4.493027029e-06             0.00252
       359                 1.3     4.562467359e-06             0.00273
       359                 1.4     4.603662433e-06             0.00294
       359                 1.5     4.595100264e-06             0.00315
       359                 1.6     4.642206946e-06             0.00336
       359                 1.7     4.641684286e-06             0.00357
       359                 1.8     4.794444772e-06             0.00378
       359                 1.9     5.029193741e-06             0.00399
       359                   2     5.132651363e-06              0.0042
       360                 0.5     6.468757758e-06             0.00095
       360                 0.6     5.747631098e-06             0.00114
       360                 0.7      5.32028085e-06             0.00133
       360                 0.8      5.19118383e-06             0.00152
       360                 0.9     4.978734921e-06             0.00171
       360                   1     4.919315939e-06              0.0019
       360                 1.1     4.810949458e-06             0.00209
       360                 1.2     4.827591955e-06             0.00228
       360                 1.3     5.025956523e-06             0.00247
       360                 1.4     5.147484344e-06             0.00266
       361                 0.5     6.637569079e-06             0.00095
       361                 0.6     6.515758638e-06             0.00114
       361                 0.7     6.298442641e-06             0.00133
       361                 0.8     5.870886988e-06             0.00152
       361                 0.9     5.807040494e-06             0.00171
       361                   1     5.703608531e-06              0.0019
       361                 1.1     5.764361816e-06             0.00209
       361                 1.2     5.627379543e-06             0.00228
       361                 1.3     5.568832353e-06             0.00247
       361                 1.4      5.35691075e-06             0.00266
       361                 1.5     5.421311898e-06             0.00285
       361                 1.6     5.494790344e-06             0.00304
       361                 1.7     5.566210145e-06             0.00323
       362                 0.5     7.052439908e-06             0.00095
       362                 0.6     6.211328227e-06             0.00114
       362                 0.7     6.282925474e-06             0.00133
       362                 0.8     6.106750817e-06             0.00152
       362                 0.9     5.923918025e-06             0.00171
       362                   1     5.865261879e-06              0.0019
       362                 1.1     5.801770622e-06             0.00209
       362                 1.2     5.723042853e-06             0.00228
       362                 1.3     5.682202322e-06             0.00247
       362                 1.4     5.711071954e-06             0.00266
       362                 1.5     5.723062132e-06             0.00285
       362                 1.6     5.709822249e-06             0.00304
       362                 1.7      5.80662318e-06             0.00323
       362                 1.8     5.934463685e-06             0.00342
       362                 1.9      6.01952541e-06             0.00361
       363                 0.5     5.967848144e-06             0.00095
       363                 0.6     5.883162518e-06             0.00114
       363                 0.7     5.732720565e-06             0.00133
       363                 0.8     5.618024552e-06             0.00152
       363                 0.9     5.614521262e-06             0.00171
       363                   1     5.706934236e-06              0.0019
       363                 1.1     5.687779584e-06             0.00209
       363                 1.2      5.64423365e-06             0.00228
       363                 1.3     5.624343574e-06             0.00247
       363                 1.4     5.553124321e-06             0.00266
       363                 1.5     5.795272688e-06             0.00285
       363                 1.6     5.897306904e-06             0.00304
       363                 1.7     6.007726055e-06             0.00323
       364                 0.5     6.423035499e-06             0.00095
       364                 0.6     5.916471309e-06             0.00114
       364                 0.7     5.862061211e-06             0.00133
       364                 0.8     5.781179258e-06             0.00152
       364                 0.9     5.577945855e-06             0.00171
       364                   1     5.514880303e-06              0.0019
       364                 1.1     5.540109389e-06             0.00209
       364                 1.2     5.531784066e-06             0.00228
       364                 1.3     5.428552913e-06             0.00247
       364                 1.4     5.626794228e-06             0.00266
       364                 1.5     5.694369035e-06             0.00285
       364                 1.6     5.777750891e-06             0.00304
       365                 0.5     6.704609416e-06             0.00095
       365                 0.6      6.31822708e-06             0.00114
       365                 0.7     6.239836779e-06             0.00133
       365                 0.8     5.891114566e-06             0.00152
       365                 0.9     5.653411516e-06             0.00171
       365                   1     5.668722318e-06              0.0019
       365                 1.1     5.617102401e-06             0.00209
       365                 1.2     5.666345662e-06             0.00228
       365                 1.3     5.623614035e-06             0.00247
       365                 1.4     5.828968962e-06             0.00266
       365                 1.5     5.923773555e-06             0.00285
       365                 1.6     5.936688361e-06             0.00304
       366                 0.5     7.141511028e-06             0.00085
       366                 0.6     6.550296057e-06             0.00102
       366                 0.7     6.511956234e-06             0.00119
       366                 0.8     6.388928064e-06             0.00136
       366                 0.9     6.174916679e-06             0.00153
       366                   1     6.252122296e-06              0.0017
       366                 1.1     6.127191644e-06             0.00187
       366                 1.2     6.076310254e-06             0.00204
       366                 1.3     5.918326269e-06             0.00221
       366                 1.4     6.051084602e-06             0.00238
       366                 1.5     6.172799106e-06             0.00255
       366                 1.6     6.325471836e-06             0.00272
       367                 0.5     7.674124002e-06             0.00085
       367                 0.6     7.385593628e-06             0.00102
       367                 0.7     6.677685879e-06             0.00119
       367                 0.8     6.689022787e-06             0.00136
       367                 0.9      6.45247738e-06             0.00153
       367                   1     6.419559661e-06              0.0017
       367                 1.1     6.497944157e-06             0.00187
       367                 1.2     6.286953594e-06             0.00204
       367                 1.3     6.359779355e-06             0.00221
       367                 1.4     6.384984874e-06             0.00238
       367                 1.5     6.357774186e-06             0.00255
       367                 1.6     6.594775546e-06             0.00272
       367                 1.7     7.157144642e-06             0.00289
       367                 1.8      7.39164967e-06             0.00306
       368                 0.5     7.949549737e-06             0.00085
       368                 0.6     7.543788267e-06             0.00102
       368                 0.7     7.433437448e-06             0.00119
       368                 0.8     7.566287654e-06             0.00136
       368                 0.9     7.448069533e-06             0.00153
       368                   1     7.509463426e-06              0.0017
       368                 1.1     7.137552482e-06             0.00187
       368                 1.2     7.075507113e-06             0.00204
       368                 1.3     6.777790852e-06             0.00221
       368                 1.4     6.933925801e-06             0.00238
       368                 1.5     6.975976611e-06             0.00255
       368                 1.6     6.830156746e-06             0.00272
       368                 1.7     7.053529733e-06             0.00289
       368                 1.8     7.256060215e-06             0.00306
       368                 1.9     7.350438493e-06             0.00323
       369                 0.5     8.196102792e-06             0.00085
       369                 0.6      7.82436969e-06             0.00102
       369                 0.7     7.089447464e-06             0.00119
       369                 0.8     7.262915786e-06             0.00136
       369                 0.9     7.126386266e-06             0.00153
       369                   1     7.104915891e-06              0.0017
       369                 1.1     7.040908893e-06             0.00187
       369                 1.2     7.229013641e-06             0.00204
       369                 1.3     7.314084958e-06             0.00221
       369                 1.4     7.289908946e-06             0.00238
       369                 1.5     7.477749653e-06             0.00255
       369                 1.6     7.885988284e-06             0.00272
       369                 1.7      8.02760245e-06             0.00289
       370                 0.5     7.526748943e-06             0.00085
       370                 0.6     7.022403958e-06             0.00102
       370                 0.7     7.022403958e-06             0.00119
       370                 0.8     7.572213507e-06             0.00136
       370                 0.9     7.900036405e-06             0.00153
       370                   1     7.792702993e-06              0.0017
       370                 1.1     7.696955311e-06             0.00187
       370                 1.2     7.647022719e-06             0.00204
       370                 1.3     7.571621392e-06             0.00221
       370                 1.4     7.571621392e-06             0.00238
       370                 1.5     7.873583569e-06             0.00255
       370                 1.6     7.926971263e-06             0.00272
       370                 1.7     8.138321528e-06             0.00289
       371                 0.5     9.371907124e-06             0.00075
       371                 0.6     8.945739578e-06              0.0009
       371                 0.7     8.520648285e-06             0.00105
       371                 0.8     8.259189213e-06              0.0012
       371                 0.9      7.82228236e-06             0.00135
       371                   1     8.314150889e-06              0.0015
       371                 1.1     8.170085107e-06             0.00165
       371                 1.2     8.047786847e-06              0.0018
       371                 1.3     8.018410108e-06             0.00195
       371                 1.4      7.67018823e-06              0.0021
       371                 1.5     7.635532798e-06             0.00225
       371                 1.6     7.746260945e-06              0.0024
       371                 1.7     7.605280998e-06             0.00255
       371                 1.8     7.872631235e-06              0.0027
       371                 1.9     7.994160351e-06             0.00285
       371                   2     8.637839709e-06               0.003
       372                 0.5     9.209639731e-06             0.00075
       372                 0.6      8.56952494e-06              0.0009
       372                 0.7     7.954436496e-06             0.00105
       372                 0.8     7.786445262e-06              0.0012
       372                 0.9     7.650706873e-06             0.00135
       372                   1     7.635234815e-06              0.0015
       372                 1.1     7.830221508e-06             0.00165
       372                 1.2      7.77203645e-06              0.0018
       372                 1.3     7.756898485e-06             0.00195
       372                 1.4      7.65356634e-06              0.0021
       372                 1.5     8.003051983e-06             0.00225
       372                 1.6      8.05957564e-06              0.0024
       372                 1.7       8.2989561e-06             0.00255
       373                 0.5     8.436124202e-06             0.00075
       373                 0.6      8.42464758e-06              0.0009
       373                 0.7     8.580010579e-06             0.00105
       373                 0.8     7.992030273e-06              0.0012
       373                 0.9     7.692471891e-06             0.00135
       373                   1     7.590127986e-06              0.0015
       373                 1.1     7.754295886e-06             0.00165
       373                 1.2     7.869757096e-06              0.0018
       373                 1.3     8.023109753e-06             0.00195
       374                 0.5     1.140594338e-05             0.00075
       374                 0.6     1.009087743e-05              0.0009
       374                 0.7     9.186982631e-06             0.00105
       374                 0.8      8.68359307e-06              0.0012
       374                 0.9     9.301825978e-06             0.00135
       374                   1     1.000777388e-05              0.0015
       374                 1.1     9.836719496e-06             0.00165
       374                 1.2     9.667455411e-06              0.0018
       374                 1.3     9.774905195e-06             0.00195
       374                 1.4     9.775152061e-06              0.0021
       374                 1.5      9.68340426e-06             0.00225
       374                 1.6     1.001282746e-05              0.0024
       374                 1.7     1.019947706e-05             0.00255
       374                 1.8     1.067381731e-05              0.0027
       375                 0.5     1.382652885e-05             0.00065
       375                 0.6     1.284510008e-05             0.00078
       375                 0.7     1.252373279e-05             0.00091
       375                 0.8     1.234892368e-05             0.00104
       375                 0.9     1.185837922e-05             0.00117
       375                   1     1.220009055e-05              0.0013
       375                 1.1     1.211730022e-05             0.00143
       375                 1.2     1.172389232e-05             0.00156
       375                 1.3     1.126532838e-05             0.00169
       375                 1.4     1.147847125e-05             0.00182
       375                 1.5     1.205580952e-05             0.00195
       375                 1.6     1.199464273e-05             0.00208
       375                 1.7     1.209376516e-05             0.00221
       375                 1.8     1.214669419e-05             0.00234
       375                 1.9     1.241685085e-05             0.00247
       376                 0.5     1.363162531e-05             0.00065
       376                 0.6     1.239097555e-05             0.00078
       376                 0.7      1.23966061e-05             0.00091
       376                 0.8      1.18309635e-05             0.00104
       376                 0.9      1.16082261e-05             0.00117
       376                   1     1.104108974e-05              0.0013
       376                 1.1     1.195087137e-05             0.00143
       376                 1.2     1.332908611e-05             0.00156
       376                 1.3     1.343561722e-05             0.00169
       377                 0.5     1.396205918e-05             0.00065
       377                 0.6     1.368295855e-05             0.00078
       377                 0.7     1.327351169e-05             0.00091
       377                 0.8     1.327916712e-05             0.00104
       377                 0.9     1.296383059e-05             0.00117
       377                   1     1.278642819e-05              0.0013
       377                 1.1       1.2418297e-05             0.00143
       377                 1.2     1.329195436e-05             0.00156
       377                 1.3     1.377338885e-05             0.00169
       377                 1.4     1.401397204e-05             0.00182
       378                 0.5     1.823630589e-05             0.00065
       378                 0.6     1.611275347e-05             0.00078
       378                 0.7     1.526487291e-05             0.00091
       378                 0.8     1.467041136e-05             0.00104
       378                 0.9     1.499722792e-05             0.00117
       378                   1     1.482264255e-05              0.0013
       378                 1.1     1.485089498e-05             0.00143
       378                 1.2     1.452956666e-05             0.00156
       378                 1.3     1.353900432e-05             0.00169
       378                 1.4     1.378669776e-05             0.00182
       378                 1.5     1.387560104e-05             0.00195
       378                 1.6     1.454225389e-05             0.00208
       379                 0.5      1.57932596e-05             0.00055
       379                 0.6      1.57932596e-05             0.00066
       379                 0.7     1.490091651e-05             0.00077
       379                 0.8     1.490091651e-05             0.00088
       379                 0.9     1.366203088e-05             0.00099
       379                   1      1.39477651e-05              0.0011
       379                 1.1     1.394599899e-05             0.00121
       379                 1.2     1.730629112e-05             0.00132
       379                 1.3     1.730629112e-05             0.00143
       379                 1.4     1.563087807e-05             0.00154
       379                 1.5     1.563087807e-05             0.00165
       379                 1.6     1.513279753e-05             0.00176
       379                 1.7     1.513279753e-05             0.00187
       379                 1.8     1.618968283e-05             0.00198
       379                 1.9     1.715782094e-05             0.00209
       379                   2     1.742047671e-05              0.0022
