             channel           mass           mean     sqrt(mean)       full_acc          width      final_acc  final_acc_err       trig_eff       trig_err             bg         bg_err         dt_obs     ul_acc_sig    ul_orig_sig          ul_br          ul_u2    high1_ul_br    high1_ul_u2     low1_ul_br     low1_ul_u2    high2_ul_br    high2_ul_u2     low2_ul_br     low2_ul_u2       dt_ul_br       dt_ul_u2       dt_ll_u2       err_scat       err_trig        err_muv       err_flux     err_hscale       err_hval
  mc.p5.hnu.250.nodk            250        0.06250        0.25000        0.29153        0.00390        0.19368        0.00047        0.89980        0.01444     1824.30752      193.03185     1806.00000    1.67763e+03    8.66181e+03    2.80662e-05    9.77297e-06    3.17959e-05    1.10717e-05    2.45844e-05    8.56056e-06    3.54390e-05    1.23403e-05    2.15803e-05    7.51450e-06    2.65496e-05    9.24485e-06    0.00000e+00    1.46247e+04    8.57631e+02    3.32810e+02    8.35293e+01    6.08736e+01    4.22848e+02
  mc.p5.hnu.252.nodk            252        0.06350        0.25200        0.29378        0.00390        0.19659        0.00048        0.90909        0.01377     1837.75564      173.37282     1822.00000    1.49068e+03    7.58256e+03    2.49387e-05    8.65430e-06    2.86148e-05    9.93001e-06    2.15385e-05    7.47436e-06    3.22910e-05    1.12057e-05    1.87166e-05    6.49510e-06    2.36922e-05    8.22174e-06    0.00000e+00    1.17782e+04    7.74950e+02    3.37735e+02    8.47653e+01    4.66893e+01    3.70820e+02
  mc.p5.hnu.254.nodk            254        0.06452        0.25400        0.29308        0.00390        0.19685        0.00048        0.90711        0.01389     1855.97122      171.55755     1807.00000    1.47339e+03    7.48497e+03    2.46494e-05    8.52696e-06    2.84062e-05    9.82657e-06    2.12587e-05    7.35401e-06    3.20778e-05    1.10967e-05    1.83887e-05    6.36120e-06    2.08988e-05    7.22951e-06    0.00000e+00    9.33377e+03    8.08160e+02    3.44463e+02    8.64540e+01    5.07947e+01    3.88199e+02
  mc.p5.hnu.255.nodk            255        0.06502        0.25500        0.29348        0.00370        0.19095        0.00047        0.91093        0.01383     1773.88391      166.20013     1727.00000    1.47254e+03    7.71155e+03    2.46352e-05    8.50945e-06    2.84207e-05    9.81704e-06    2.12221e-05    7.33049e-06    3.21181e-05    1.10942e-05    1.83369e-05    6.33390e-06    2.09250e-05    7.22789e-06    0.00000e+00    8.52638e+03    7.25401e+02    3.14666e+02    7.89756e+01    4.56946e+01    3.72369e+02
  mc.p5.hnu.257.nodk            257        0.06605        0.25700        0.29452        0.00370        0.19269        0.00047        0.92308        0.01301     1825.66507      168.22536     1726.00000    1.47847e+03    7.67294e+03    2.47344e-05    8.52019e-06    2.84857e-05    9.81238e-06    2.12717e-05    7.32742e-06    3.22368e-05    1.11045e-05    1.84127e-05    6.34258e-06    1.75674e-05    6.05139e-06    0.00000e+00    8.74571e+03    6.61827e+02    3.33305e+02    8.36537e+01    4.68150e+01    3.72823e+02
  mc.p5.hnu.258.nodk            258        0.06656        0.25800        0.29610        0.00370        0.19402        0.00047        0.91165        0.01372     1817.75837      180.97261     1695.00000    1.57259e+03    8.10542e+03    2.63091e-05    9.05104e-06    3.00332e-05    1.03323e-05    2.29280e-05    7.88784e-06    3.37575e-05    1.16135e-05    1.99656e-05    6.86870e-06    1.77912e-05    6.12066e-06    0.00000e+00    8.67012e+03    7.48928e+02    3.30425e+02    8.29307e+01    6.10076e+01    4.29720e+02
  mc.p5.hnu.259.nodk            259        0.06708        0.25900        0.29509        0.00370        0.19373        0.00047        0.90613        0.01372     1823.26844      181.71078     1719.00000    1.58367e+03    8.17449e+03    2.64943e-05    9.10373e-06    3.01373e-05    1.03555e-05    2.30268e-05    7.91225e-06    3.38669e-05    1.16371e-05    2.00630e-05    6.89387e-06    1.89631e-05    6.51594e-06    0.00000e+00    7.39881e+03    7.62656e+02    3.32431e+02    8.34342e+01    6.77197e+01    4.49186e+02
  mc.p5.hnu.260.nodk            260        0.06760        0.26000        0.29638        0.00370        0.19585        0.00048        0.89961        0.01417     1824.01553      188.65566     1746.00000    1.62470e+03    8.29573e+03    2.71808e-05    9.32894e-06    3.07839e-05    1.05656e-05    2.37393e-05    8.14778e-06    3.44727e-05    1.18317e-05    2.07800e-05    7.13207e-06    2.12955e-05    7.30901e-06    0.00000e+00    7.40487e+03    8.25393e+02    3.32703e+02    8.35026e+01    7.80008e+01    4.77493e+02
  mc.p5.hnu.261.nodk            261        0.06812        0.26100        0.29695        0.00370        0.19677        0.00048        0.89796        0.01397     1833.35145      183.57940     1769.00000    1.57423e+03    8.00033e+03    2.63364e-05    9.02944e-06    3.00083e-05    1.02883e-05    2.29210e-05    7.85845e-06    3.35949e-05    1.15180e-05    1.99970e-05    6.85596e-06    2.14334e-05    7.34845e-06    0.00000e+00    6.62069e+03    8.13082e+02    3.36118e+02    8.43595e+01    7.29297e+01    4.64535e+02
  mc.p5.hnu.262.nodk            262        0.06864        0.26200        0.29719        0.00370        0.19725        0.00048        0.90182        0.01360     1840.10430      174.31968     1775.00000    1.49677e+03    7.58830e+03    2.50405e-05    8.57651e-06    2.87046e-05    9.83147e-06    2.16422e-05    7.41258e-06    3.22833e-05    1.10572e-05    1.87573e-05    6.42448e-06    2.01043e-05    6.88584e-06    0.00000e+00    6.66955e+03    7.69841e+02    3.38598e+02    8.49821e+01    6.29788e+01    4.32296e+02
  mc.p5.hnu.263.nodk            263        0.06917        0.26300        0.29708        0.00370        0.19766        0.00048        0.90357        0.01337     1844.06196      175.82756     1806.00000    1.50613e+03    7.61977e+03    2.51971e-05    8.62207e-06    2.88533e-05    9.87317e-06    2.18034e-05    7.46078e-06    3.24244e-05    1.10951e-05    1.89181e-05    6.47348e-06    2.21713e-05    7.58668e-06    0.00000e+00    6.69827e+03    7.44283e+02    3.40056e+02    8.53481e+01    6.69956e+01    4.41256e+02
  mc.p5.hnu.264.nodk            264        0.06970        0.26400        0.29729        0.00370        0.19751        0.00048        0.89624        0.01379     1837.43571      173.15519     1832.00000    1.48362e+03    7.51164e+03    2.48206e-05    8.48587e-06    2.84798e-05    9.73690e-06    2.14324e-05    7.32749e-06    3.21389e-05    1.09879e-05    1.85598e-05    6.34537e-06    2.43992e-05    8.34182e-06    0.00000e+00    6.60822e+03    7.99543e+02    3.37617e+02    8.47358e+01    6.42445e+01    4.31896e+02
  mc.p5.hnu.265.nodk            265        0.07023        0.26500        0.29778        0.00370        0.19942        0.00048        0.90179        0.01347     1870.00937      176.11086     1886.00000    1.49596e+03    7.50151e+03    2.50270e-05    8.54964e-06    2.86509e-05    9.78760e-06    2.15899e-05    7.37547e-06    3.22746e-05    1.10255e-05    1.87395e-05    6.40171e-06    2.63752e-05    9.01021e-06    0.00000e+00    6.84459e+03    7.80204e+02    3.49694e+02    8.77668e+01    6.45332e+01    4.33526e+02
  mc.p5.hnu.266.nodk            266        0.07076        0.26600        0.29824        0.00370        0.19988        0.00048        0.91241        0.01299     1899.07907      174.49454     1891.00000    1.47993e+03    7.40413e+03    2.47589e-05    8.45191e-06    2.83746e-05    9.68620e-06    2.13329e-05    7.28238e-06    3.20743e-05    1.09492e-05    1.84353e-05    6.29322e-06    2.40954e-05    8.22542e-06    0.00000e+00    5.93419e+03    7.31212e+02    3.60650e+02    9.05167e+01    6.41404e+01    4.33091e+02
  mc.p5.hnu.267.nodk            267        0.07129        0.26700        0.29914        0.00370        0.20065        0.00048        0.91971        0.01253     1912.19404      167.72423     1887.00000    1.42023e+03    7.07815e+03    2.37600e-05    8.10562e-06    2.73625e-05    9.33458e-06    2.03581e-05    6.94509e-06    3.10486e-05    1.05921e-05    1.75009e-05    5.97034e-06    2.17583e-05    7.42274e-06    0.00000e+00    6.01643e+03    6.78184e+02    3.65649e+02    9.17713e+01    5.73469e+01    4.10275e+02
  mc.p5.hnu.268.nodk            268        0.07182        0.26800        0.29923        0.00370        0.20190        0.00048        0.92015        0.01277     1929.09513      164.89942     1876.00000    1.39006e+03    6.88476e+03    2.32553e-05    7.92882e-06    2.69188e-05    9.17789e-06    1.98773e-05    6.77712e-06    3.04991e-05    1.03986e-05    1.70487e-05    5.81268e-06    1.92553e-05    6.56503e-06    0.00000e+00    4.86556e+03    7.17228e+02    3.72141e+02    9.34007e+01    5.73959e+01    4.08326e+02
  mc.p5.hnu.269.nodk            269        0.07236        0.26900        0.29969        0.00350        0.19522        0.00048        0.91129        0.01378     1827.16164      163.96448     1815.00000    1.42711e+03    7.31012e+03    2.38752e-05    8.13604e-06    2.74921e-05    9.36857e-06    2.04575e-05    6.97136e-06    3.11950e-05    1.06304e-05    1.75866e-05    5.99304e-06    2.28646e-05    7.79164e-06    0.00000e+00    4.36495e+03    7.63122e+02    3.33852e+02    8.37909e+01    5.99695e+01    4.08342e+02
  mc.p5.hnu.270.nodk            270        0.07290        0.27000        0.30011        0.00350        0.19592        0.00048        0.91042        0.01408     1832.55896      162.44947     1777.00000    1.40783e+03    7.18559e+03    2.35526e-05    8.02258e-06    2.72424e-05    9.27940e-06    2.01544e-05    6.86507e-06    3.09321e-05    1.05362e-05    1.73053e-05    5.89459e-06    1.93057e-05    6.57597e-06    0.00000e+00    4.39077e+03    8.03199e+02    3.35827e+02    8.42866e+01    5.90819e+01    4.04491e+02
  mc.p5.hnu.271.nodk            271        0.07344        0.27100        0.29964        0.00350        0.19595        0.00048        0.91411        0.01370     1863.89559      170.47654     1781.00000    1.47188e+03    7.51139e+03    2.46241e-05    8.38451e-06    2.83984e-05    9.66965e-06    2.12187e-05    7.22496e-06    3.20868e-05    1.09256e-05    1.83391e-05    6.24446e-06    1.85858e-05    6.32847e-06    0.00000e+00    4.17737e+03    7.80057e+02    3.47411e+02    8.71939e+01    7.07207e+01    4.36205e+02
  mc.p5.hnu.272.nodk            272        0.07398        0.27200        0.30022        0.00350        0.19700        0.00048        0.90335        0.01411     1841.10213      172.64770     1783.00000    1.48512e+03    7.53868e+03    2.48457e-05    8.45753e-06    2.85145e-05    9.70638e-06    2.14454e-05    7.30005e-06    3.20978e-05    1.09261e-05    1.85635e-05    6.31904e-06    2.03829e-05    6.93837e-06    0.00000e+00    4.07582e+03    8.26985e+02    3.38966e+02    8.50743e+01    7.30595e+01    4.36418e+02
  mc.p5.hnu.275.nodk            275        0.07563        0.27500        0.30148        0.00350        0.19931        0.00048        0.89414        0.01432     1888.63703      205.87531     1849.00000    1.73348e+03    8.69739e+03    2.90006e-05    9.86772e-06    3.27081e-05    1.11292e-05    2.56071e-05    8.71305e-06    3.63318e-05    1.23622e-05    2.25870e-05    7.68544e-06    2.59040e-05    8.81407e-06    0.00000e+00    3.78939e+03    9.15047e+02    3.56695e+02    8.95241e+01    1.03420e+02    5.37265e+02
  mc.p5.hnu.276.nodk            276        0.07618        0.27600        0.30212        0.00350        0.20006        0.00048        0.89286        0.01435     1892.29797      204.94880     1850.00000    1.72131e+03    8.60402e+03    2.87970e-05    9.79856e-06    3.24071e-05    1.10270e-05    2.53403e-05    8.62239e-06    3.61011e-05    1.22839e-05    2.24043e-05    7.62335e-06    2.54873e-05    8.67240e-06    0.00000e+00    3.24409e+03    9.24798e+02    3.58079e+02    8.98715e+01    9.99185e+01    5.38184e+02
  mc.p5.hnu.277.nodk            277        0.07673        0.27700        0.30185        0.00350        0.20136        0.00048        0.90304        0.01385     1929.56175      209.42110     1831.00000    1.74531e+03    8.66750e+03    2.91986e-05    9.93610e-06    3.28682e-05    1.11849e-05    2.57623e-05    8.76676e-06    3.65380e-05    1.24337e-05    2.27714e-05    7.74898e-06    2.21511e-05    7.53790e-06    0.00000e+00    3.02511e+03    8.76256e+02    3.72321e+02    9.34459e+01    1.04601e+02    5.58056e+02
  mc.p5.hnu.278.nodk            278        0.07728        0.27800        0.30261        0.00350        0.20207        0.00048        0.88889        0.01485     1890.50247      189.85174     1850.00000    1.58318e+03    7.83500e+03    2.64862e-05    9.01462e-06    3.00613e-05    1.02314e-05    2.31544e-05    7.88064e-06    3.37199e-05    1.14766e-05    2.02253e-05    6.88371e-06    2.33716e-05    7.95455e-06    0.00000e+00    2.90388e+03    9.97302e+02    3.57400e+02    8.97010e+01    8.27720e+01    5.02612e+02
  mc.p5.hnu.279.nodk            279        0.07784        0.27900        0.30385        0.00350        0.20355        0.00048        0.89600        0.01465     1913.47286      179.69257     1842.00000    1.49240e+03    7.33190e+03    2.49675e-05    8.49982e-06    2.85999e-05    9.73642e-06    2.16008e-05    7.35369e-06    3.21499e-05    1.09450e-05    1.87398e-05    6.37968e-06    1.97875e-05    6.73637e-06    0.00000e+00    2.97487e+03    9.79016e+02    3.66138e+02    9.18941e+01    7.62648e+01    4.82234e+02
  mc.p5.hnu.280.nodk            280        0.07840        0.28000        0.30338        0.00350        0.20428        0.00048        0.88800        0.01510     1889.92361      170.72725     1846.00000    1.41430e+03    6.92339e+03    2.36609e-05    8.05763e-06    2.72813e-05    9.29055e-06    2.03942e-05    6.94516e-06    3.08194e-05    1.04954e-05    1.75724e-05    5.98421e-06    2.03942e-05    6.94516e-06    0.00000e+00    2.62864e+03    1.03306e+03    3.57181e+02    8.96461e+01    6.82991e+01    4.58781e+02
  mc.p5.hnu.281.nodk            281        0.07896        0.28100        0.30366        0.00350        0.20517        0.00048        0.88757        0.01501     1895.01344      168.18024     1866.00000    1.39298e+03    6.78949e+03    2.33042e-05    7.93939e-06    2.68272e-05    9.13962e-06    1.99743e-05    6.80495e-06    3.04321e-05    1.03678e-05    1.71762e-05    5.85168e-06    2.10480e-05    7.17073e-06    0.00000e+00    2.64282e+03    1.02751e+03    3.59108e+02    9.01296e+01    6.26273e+01    4.48465e+02
  mc.p5.hnu.282.nodk            282        0.07952        0.28200        0.30453        0.00330        0.19798        0.00048        0.88961        0.01566     1783.29308      158.12515     1755.00000    1.35861e+03    6.86245e+03    2.27292e-05    7.74728e-06    2.62964e-05    8.96313e-06    1.94415e-05    6.62666e-06    2.98634e-05    1.01790e-05    1.66265e-05    5.66717e-06    2.04766e-05    6.97947e-06    0.00000e+00    1.95809e+03    9.85440e+02    3.18013e+02    7.98157e+01    5.61091e+01    4.27912e+02
  mc.p5.hnu.283.nodk            283        0.08009        0.28300        0.30474        0.00350        0.20634        0.00049        0.87398        0.01597     1858.84618      166.91635     1873.00000    1.37045e+03    6.64184e+03    2.29272e-05    7.81921e-06    2.64305e-05    9.01397e-06    1.96976e-05    6.71776e-06    3.00151e-05    1.02365e-05    1.69767e-05    5.78980e-06    2.41493e-05    8.23600e-06    0.00000e+00    2.12753e+03    1.15424e+03    3.45531e+02    8.67221e+01    6.30780e+01    4.59911e+02
  mc.p5.hnu.284.nodk            284        0.08066        0.28400        0.30494        0.00330        0.19951        0.00048        0.87815        0.01604     1779.49236      171.77844     1808.00000    1.45611e+03    7.29847e+03    2.43603e-05    8.31336e-06    2.78986e-05    9.52088e-06    2.10807e-05    7.19417e-06    3.14370e-05    1.07284e-05    1.82928e-05    6.24274e-06    2.68034e-05    9.14712e-06    0.00000e+00    1.94976e+03    1.05645e+03    3.16659e+02    7.94758e+01    7.03741e+01    4.95051e+02
  mc.p5.hnu.285.nodk            285        0.08123        0.28500        0.30565        0.00330        0.20083        0.00048        0.87448        0.01620     1780.23522      170.35393     1846.00000    1.43651e+03    7.15298e+03    2.40324e-05    8.20752e-06    2.75479e-05    9.40812e-06    2.07735e-05    7.09452e-06    3.10632e-05    1.06086e-05    1.79462e-05    6.12896e-06    2.95566e-05    1.00941e-05    0.00000e+00    1.77812e+03    1.08704e+03    3.16924e+02    7.95422e+01    6.75393e+01    5.00477e+02
  mc.p5.hnu.286.nodk            286        0.08180        0.28600        0.30578        0.00330        0.20159        0.00048        0.87421        0.01623     1770.78021      164.39251     1844.00000    1.38100e+03    6.85059e+03    2.31038e-05    7.89683e-06    2.66063e-05    9.09400e-06    1.98720e-05    6.79221e-06    3.01089e-05    1.02912e-05    1.71453e-05    5.86022e-06    2.92749e-05    1.00061e-05    0.00000e+00    1.64864e+03    1.08038e+03    3.13566e+02    7.86995e+01    6.64762e+01    5.09282e+02
  mc.p5.hnu.287.nodk            287        0.08237        0.28700        0.30588        0.00330        0.20236        0.00048        0.88470        0.01567     1811.17076      166.41681     1846.00000    1.39566e+03    6.89693e+03    2.33490e-05    7.98788e-06    2.68381e-05    9.18154e-06    2.00484e-05    6.85873e-06    3.04102e-05    1.04036e-05    1.73279e-05    5.92800e-06    2.62566e-05    8.98260e-06    0.00000e+00    1.72471e+03    1.02905e+03    3.28034e+02    8.23307e+01    7.26049e+01    5.36795e+02
  mc.p5.hnu.288.nodk            288        0.08294        0.28800        0.30735        0.00330        0.20421        0.00048        0.89727        0.01495     1839.29815      162.37581     1866.00000    1.35157e+03    6.61849e+03    2.26113e-05    7.74319e-06    2.61515e-05    8.95550e-06    1.93479e-05    6.62563e-06    2.96915e-05    1.01678e-05    1.66115e-05    5.68858e-06    2.48342e-05    8.50441e-06    0.00000e+00    1.77869e+03    9.39034e+02    3.38302e+02    8.49077e+01    6.69196e+01    5.32704e+02
  mc.p5.hnu.289.nodk            289        0.08352        0.28900        0.30742        0.00330        0.20476        0.00048        0.90060        0.01434     1847.19562      156.80000     1885.00000    1.30537e+03    6.37501e+03    2.18385e-05    7.48661e-06    2.53698e-05    8.69718e-06    1.85911e-05    6.37333e-06    2.89008e-05    9.90769e-06    1.58853e-05    5.44575e-06    2.49592e-05    8.55642e-06    0.00000e+00    1.56498e+03    8.64559e+02    3.41213e+02    8.56384e+01    5.90847e+01    5.26690e+02
  mc.p5.hnu.290.nodk            290        0.08410        0.29000        0.30851        0.00330        0.20647        0.00049        0.91159        0.01357     1873.01939      159.56224     1915.00000    1.31733e+03    6.38037e+03    2.20386e-05    7.56402e-06    2.55403e-05    8.76586e-06    1.87426e-05    6.43277e-06    2.90419e-05    9.96769e-06    1.60563e-05    5.51079e-06    2.54588e-05    8.73791e-06    0.00000e+00    1.60904e+03    7.77231e+02    3.50820e+02    8.80496e+01    5.76217e+01    5.31695e+02
  mc.p5.hnu.291.nodk            291        0.08468        0.29100        0.30837        0.00330        0.20664        0.00049        0.91194        0.01352     1863.44304      148.84880     1903.00000    1.23184e+03    5.96121e+03    2.06083e-05    7.08200e-06    2.41082e-05    8.28474e-06    1.74063e-05    5.98166e-06    2.76080e-05    9.48746e-06    1.47651e-05    5.07401e-06    2.38640e-05    8.20083e-06    0.00000e+00    1.38133e+03    7.62992e+02    3.47242e+02    8.71515e+01    4.92910e+01    5.16814e+02
  mc.p5.hnu.292.nodk            292        0.08526        0.29200        0.30951        0.00330        0.20860        0.00049        0.91650        0.01316     1885.22504      147.49695     1902.00000    1.21167e+03    5.80868e+03    2.02710e-05    6.97548e-06    2.37382e-05    8.16860e-06    1.70313e-05    5.86068e-06    2.72861e-05    9.38945e-06    1.44308e-05    4.96580e-06    2.16418e-05    7.44719e-06    0.00000e+00    1.41381e+03    7.33308e+02    3.55407e+02    8.92009e+01    4.73139e+01    5.30132e+02
  mc.p5.hnu.293.nodk            293        0.08585        0.29300        0.30996        0.00330        0.20982        0.00049        0.91396        0.01322     1887.77033      145.35510     1840.00000    1.18598e+03    5.65230e+03    1.98411e-05    6.83737e-06    2.33682e-05    8.05284e-06    1.66978e-05    5.75419e-06    2.68156e-05    9.24084e-06    1.40636e-05    4.84643e-06    1.64348e-05    5.66353e-06    0.00000e+00    1.23417e+03    7.45801e+02    3.56368e+02    8.94419e+01    4.78912e+01    5.34417e+02
  mc.p5.hnu.294.nodk            294        0.08644        0.29400        0.30972        0.00330        0.20990        0.00049        0.90600        0.01405     1878.37110      154.86154     1821.00000    1.25871e+03    5.99666e+03    2.10579e-05    7.26783e-06    2.45027e-05    8.45675e-06    1.78949e-05    6.17615e-06    2.80277e-05    9.67333e-06    1.52105e-05    5.24966e-06    1.69824e-05    5.86122e-06    0.00000e+00    1.22191e+03    8.48858e+02    3.52828e+02    8.85535e+01    5.39258e+01    5.75543e+02
  mc.p5.hnu.295.nodk            295        0.08702        0.29500        0.30936        0.00310        0.20222        0.00048        0.89522        0.01576     1750.48818      154.05931     1685.00000    1.29637e+03    6.41056e+03    2.16880e-05    7.49745e-06    2.51805e-05    8.70479e-06    1.84781e-05    6.38781e-06    2.86731e-05    9.91217e-06    1.58013e-05    5.46246e-06    1.69490e-05    5.85920e-06    0.00000e+00    9.07292e+02    9.49185e+02    3.06421e+02    7.69062e+01    5.52560e+01    5.77484e+02
  mc.p5.hnu.299.nodk            299        0.08940        0.29900        0.31194        0.00310        0.20537        0.00048        0.89165        0.01589     1762.30306      147.18494     1760.00000    1.22469e+03    5.96321e+03    2.04887e-05    7.13591e-06    2.39284e-05    8.33393e-06    1.73367e-05    6.03811e-06    2.73682e-05    9.53197e-06    1.47304e-05    5.13040e-06    2.03257e-05    7.07916e-06    0.00000e+00    7.53990e+02    9.86940e+02    3.10571e+02    7.79478e+01    4.97061e+01    6.69751e+02
  mc.p5.hnu.300.nodk            300        0.09000        0.30000        0.31214        0.00310        0.20799        0.00049        0.88889        0.01576     1741.50114      129.89858     1752.00000    1.07698e+03    5.17802e+03    1.80176e-05    6.28853e-06    2.14163e-05    7.47477e-06    1.49402e-05    5.21445e-06    2.47341e-05    8.63277e-06    1.25130e-05    4.36732e-06    1.89077e-05    6.59921e-06    0.00000e+00    7.36295e+02    9.52924e+02    3.03283e+02    7.61185e+01    3.86179e+01    6.43578e+02
  mc.p5.hnu.301.nodk            301        0.09060        0.30100        0.31319        0.00310        0.20878        0.00049        0.89059        0.01569     1749.21829      127.76990     1734.00000    1.05854e+03    5.07004e+03    1.77091e-05    6.19458e-06    2.10951e-05    7.37901e-06    1.46434e-05    5.12222e-06    2.44007e-05    8.53527e-06    1.21815e-05    4.26104e-06    1.65416e-05    5.78621e-06    0.00000e+00    7.42835e+02    9.50208e+02    3.05976e+02    7.67946e+01    3.47137e+01    6.22396e+02
  mc.p5.hnu.302.nodk            302        0.09120        0.30200        0.31303        0.00310        0.20948        0.00049        0.88285        0.01575     1723.87061      107.00727     1751.00000    8.97649e+02    4.28510e+03    1.50174e-05    5.26524e-06    1.83958e-05    6.44973e-06    1.20865e-05    4.23764e-06    2.16937e-05    7.60602e-06    9.76678e-06    3.42432e-06    1.72697e-05    6.05490e-06    0.00000e+00    5.89595e+02    9.46164e+02    2.97173e+02    7.45851e+01    2.41396e+01    5.48279e+02
  mc.p5.hnu.304.nodk            304        0.09242        0.30400        0.31395        0.00310        0.21179        0.00049        0.88911        0.01496     1747.40229      118.82808     1773.00000    9.76873e+02    4.61246e+03    1.63428e-05    5.75840e-06    1.96823e-05    6.93507e-06    1.33432e-05    4.70149e-06    2.30218e-05    8.11172e-06    1.09736e-05    3.86656e-06    1.84101e-05    6.48681e-06    0.00000e+00    5.27418e+02    8.64599e+02    3.05341e+02    7.66353e+01    2.99919e+01    6.33071e+02
  mc.p5.hnu.305.nodk            305        0.09302        0.30500        0.31450        0.00310        0.21363        0.00049        0.88212        0.01527     1737.58650      112.45896     1780.00000    9.21200e+02    4.31208e+03    1.54114e-05    5.44456e-06    1.87231e-05    6.61453e-06    1.24563e-05    4.40057e-06    2.19560e-05    7.75664e-06    1.02005e-05    3.60365e-06    1.88020e-05    6.64238e-06    0.00000e+00    5.21509e+02    9.05029e+02    3.01921e+02    7.57767e+01    2.65184e+01    6.36597e+02
  mc.p5.hnu.306.nodk            306        0.09364        0.30600        0.31518        0.00310        0.21436        0.00049        0.88063        0.01532     1742.98033      123.89042     1798.00000    9.99026e+02    4.66051e+03    1.67134e-05    5.92080e-06    2.00118e-05    7.08926e-06    1.38104e-05    4.89239e-06    2.33105e-05    8.25781e-06    1.14323e-05    4.04992e-06    2.11114e-05    7.47878e-06    0.00000e+00    4.64450e+02    9.19261e+02    3.03798e+02    7.62479e+01    3.39549e+01    6.73540e+02
  mc.p5.hnu.307.nodk            307        0.09425        0.30700        0.31513        0.00290        0.20585        0.00048        0.88125        0.01580     1646.92015      128.37060     1668.00000    1.07172e+03    5.20638e+03    1.79295e-05    6.36980e-06    2.12820e-05    7.56084e-06    1.49637e-05    5.31613e-06    2.46347e-05    8.75193e-06    1.25008e-05    4.44116e-06    1.97284e-05    7.00887e-06    0.00000e+00    3.26888e+02    8.72323e+02    2.71235e+02    6.80750e+01    3.79834e+01    7.07035e+02
  mc.p5.hnu.308.nodk            308        0.09486        0.30800        0.31597        0.00290        0.20679        0.00049        0.87342        0.01632     1639.19599      116.45375     1665.00000    9.80212e+02    4.74016e+03    1.63987e-05    5.84329e-06    1.96565e-05    7.00415e-06    1.33952e-05    4.77306e-06    2.29958e-05    8.19402e-06    1.10716e-05    3.94510e-06    1.85163e-05    6.59785e-06    0.00000e+00    3.23829e+02    9.38427e+02    2.68696e+02    6.74380e+01    2.96052e+01    6.73651e+02
  mc.p5.hnu.309.nodk            309        0.09548        0.30900        0.31590        0.00290        0.20795        0.00049        0.88323        0.01586     1670.91819      133.21747     1665.00000    1.09819e+03    5.28114e+03    1.83724e-05    6.56685e-06    2.16905e-05    7.75282e-06    1.54270e-05    5.51408e-06    2.50086e-05    8.93882e-06    1.29619e-05    4.63298e-06    1.79738e-05    6.42437e-06    0.00000e+00    3.36484e+02    8.99865e+02    2.79197e+02    7.00734e+01    3.98532e+01    7.53676e+02
  mc.p5.hnu.310.nodk            310        0.09610        0.31000        0.31761        0.00290        0.21024        0.00049        0.90405        0.01467     1724.75136      146.97319     1678.00000    1.19165e+03    5.66812e+03    1.99360e-05    7.14860e-06    2.32962e-05    8.35351e-06    1.69302e-05    6.07080e-06    2.65765e-05    9.52974e-06    1.43792e-05    5.15605e-06    1.65993e-05    5.95213e-06    0.00000e+00    4.20318e+02    7.83010e+02    2.97477e+02    7.46613e+01    4.99966e+01    8.15900e+02
  mc.p5.hnu.311.nodk            311        0.09672        0.31100        0.31876        0.00290        0.21173        0.00049        0.90377        0.01454     1720.94998      146.61422     1663.00000    1.17954e+03    5.57102e+03    1.97334e-05    7.09955e-06    2.30699e-05    8.29993e-06    1.67519e-05    6.02688e-06    2.63271e-05    9.47179e-06    1.42229e-05    5.11703e-06    1.57283e-05    5.65862e-06    0.00000e+00    4.45215e+02    7.66194e+02    2.96167e+02    7.43326e+01    4.89552e+01    8.19299e+02
  mc.p5.hnu.312.nodk            312        0.09734        0.31200        0.31901        0.00290        0.21317        0.00049        0.89407        0.01522     1719.78994      146.44597     1707.00000    1.17104e+03    5.49346e+03    1.95912e-05    7.07275e-06    2.29051e-05    8.26911e-06    1.66280e-05    6.00299e-06    2.61403e-05    9.43707e-06    1.41151e-05    5.09577e-06    1.86699e-05    6.74013e-06    0.00000e+00    4.44615e+02    8.57561e+02    2.95768e+02    7.42324e+01    5.02404e+01    8.01903e+02
  mc.p5.hnu.313.nodk            313        0.09797        0.31300        0.31804        0.00290        0.21309        0.00049        0.89706        0.01498     1717.68494      140.49242     1677.00000    1.12777e+03    5.29238e+03    1.88673e-05    6.83579e-06    2.21833e-05    8.03721e-06    1.59116e-05    5.76492e-06    2.54203e-05    9.21001e-06    1.34251e-05    4.86403e-06    1.59773e-05    5.78873e-06    0.00000e+00    4.43527e+02    8.22614e+02    2.95044e+02    7.40508e+01    4.52054e+01    8.02088e+02
  mc.p5.hnu.314.nodk            314        0.09860        0.31400        0.31826        0.00290        0.21441        0.00049        0.88110        0.01597     1671.66309      125.46446     1720.00000    1.00961e+03    4.70870e+03    1.68905e-05    6.14228e-06    2.01095e-05    7.31286e-06    1.39811e-05    5.08425e-06    2.33286e-05    8.48349e-06    1.16419e-05    4.23362e-06    2.07376e-05    7.54128e-06    0.00000e+00    3.86906e+02    9.18253e+02    2.79446e+02    7.01359e+01    3.40288e+01    7.54498e+02
  mc.p5.hnu.315.nodk            315        0.09923        0.31500        0.31929        0.00290        0.21533        0.00049        0.88034        0.01607     1674.54413      133.92018     1794.00000    1.06750e+03    4.95749e+03    1.78589e-05    6.51937e-06    2.10633e-05    7.68909e-06    1.49439e-05    5.45522e-06    2.42675e-05    8.85880e-06    1.25675e-05    4.58772e-06    2.72373e-05    9.94290e-06    0.00000e+00    4.19673e+02    9.34115e+02    2.80410e+02    7.03778e+01    4.23175e+01    8.20165e+02
  mc.p5.hnu.316.nodk            316        0.09986        0.31600        0.31986        0.00290        0.21687        0.00049        0.87118        0.01674     1656.40790      137.97939     1806.00000    1.08954e+03    5.02398e+03    1.82278e-05    6.68042e-06    2.14088e-05    7.84624e-06    1.53244e-05    5.61635e-06    2.45122e-05    8.98364e-06    1.29956e-05    4.76283e-06    2.98656e-05    1.09456e-05    0.00000e+00    4.10632e+02    1.01305e+03    2.74369e+02    6.88616e+01    4.53414e+01    8.62639e+02
  mc.p5.hnu.318.nodk            318        0.10112        0.31800        0.32040        0.00270        0.20934        0.00049        0.90024        0.01600     1622.52461      156.24620     1667.00000    1.26555e+03    6.04530e+03    2.11723e-05    7.82449e-06    2.43853e-05    9.01188e-06    1.82054e-05    6.72803e-06    2.76786e-05    1.02290e-05    1.56457e-05    5.78206e-06    2.47869e-05    9.16030e-06    0.00000e+00    2.82131e+02    8.31462e+02    2.63259e+02    6.60732e+01    6.00004e+01    9.51847e+02
  mc.p5.hnu.319.nodk            319        0.10176        0.31900        0.32164        0.00270        0.21117        0.00049        0.91084        0.01520     1666.61489      164.21481     1652.00000    1.31536e+03    6.22882e+03    2.20056e-05    8.16807e-06    2.52696e-05    9.37961e-06    1.89869e-05    7.04760e-06    2.85336e-05    1.05911e-05    1.64298e-05    6.09845e-06    2.09215e-05    7.76566e-06    0.00000e+00    2.09814e+02    7.73210e+02    2.77761e+02    6.97129e+01    6.53338e+01    1.01593e+03
  mc.p5.hnu.320.nodk            320        0.10240        0.32000        0.32249        0.00270        0.21321        0.00049        0.92991        0.01352     1722.73783      182.14206     1594.00000    1.43793e+03    6.74415e+03    2.40561e-05    8.96961e-06    2.73663e-05    1.02038e-05    2.10464e-05    7.84738e-06    3.05976e-05    1.14087e-05    1.83951e-05    6.85882e-06    1.60024e-05    5.96668e-06    0.00000e+00    2.24182e+02    6.27239e+02    2.96783e+02    7.44871e+01    8.09815e+01    1.12183e+03
  mc.p5.hnu.321.nodk            321        0.10304        0.32100        0.32207        0.00270        0.21331        0.00049        0.92938        0.01338     1701.97606      158.87292     1620.00000    1.26138e+03    5.91332e+03    2.11026e-05    7.90512e-06    2.44131e-05    9.14525e-06    1.81254e-05    6.78985e-06    2.76449e-05    1.03559e-05    1.56180e-05    5.85058e-06    1.56739e-05    5.87150e-06    0.00000e+00    2.18811e+02    5.99951e+02    2.89672e+02    7.27026e+01    6.39075e+01    1.08720e+03
  mc.p5.hnu.322.nodk            322        0.10368        0.32200        0.32162        0.00270        0.21389        0.00049        0.93128        0.01351     1706.66681      152.91519     1621.00000    1.21527e+03    5.68180e+03    2.03312e-05    7.65289e-06    2.35549e-05    8.86630e-06    1.73668e-05    6.53705e-06    2.68571e-05    1.01093e-05    1.48868e-05    5.60357e-06    1.47233e-05    5.54201e-06    0.00000e+00    1.38704e+02    6.13007e+02    2.91271e+02    7.31039e+01    5.81432e+01    1.11409e+03
  mc.p5.hnu.324.nodk            324        0.10498        0.32400        0.32426        0.00270        0.21763        0.00049        0.92967        0.01310     1681.50474      129.13771     1665.00000    1.02210e+03    4.69651e+03    1.70995e-05    6.50169e-06    2.02705e-05    7.70736e-06    1.42235e-05    5.40815e-06    2.34414e-05    8.91306e-06    1.18966e-05    4.52340e-06    1.59090e-05    6.04903e-06    0.00000e+00    7.03675e+01    5.61023e+02    2.82746e+02    7.09641e+01    3.83626e+01    1.04519e+03
  mc.p5.hnu.325.nodk            325        0.10563        0.32500        0.32464        0.00270        0.21844        0.00050        0.90812        0.01442     1641.32529      129.40468     1680.00000    1.01994e+03    4.66919e+03    1.70632e-05    6.52226e-06    2.01454e-05    7.70038e-06    1.41952e-05    5.42596e-06    2.33046e-05    8.90797e-06    1.19246e-05    4.55806e-06    2.00683e-05    7.67093e-06    0.00000e+00    6.70448e+01    6.79564e+02    2.69395e+02    6.76133e+01    3.87020e+01    1.05868e+03
  mc.p5.hnu.326.nodk            326        0.10628        0.32600        0.32469        0.00270        0.22088        0.00050        0.91398        0.01408     1654.62514      130.32810     1641.00000    1.01423e+03    4.59173e+03    1.69678e-05    6.52118e-06    2.00918e-05    7.72181e-06    1.41336e-05    5.43192e-06    2.31397e-05    8.89324e-06    1.18868e-05    4.56841e-06    1.60082e-05    6.15241e-06    0.00000e+00    6.94484e+01    6.49946e+02    2.73778e+02    6.87135e+01    3.82116e+01    1.04062e+03
  mc.p5.hnu.327.nodk            327        0.10693        0.32700        0.32520        0.00270        0.22223        0.00050        0.89616        0.01562     1648.19592      162.12458     1610.00000    1.23637e+03    5.56343e+03    2.06842e-05    7.99426e-06    2.37104e-05    9.16388e-06    1.78139e-05    6.88491e-06    2.68122e-05    1.03627e-05    1.53874e-05    5.94711e-06    1.80084e-05    6.96009e-06    0.00000e+00    4.86495e+01    8.25455e+02    2.71655e+02    6.81805e+01    6.09340e+01    1.19162e+03
  mc.p5.hnu.328.nodk            328        0.10758        0.32800        0.32532        0.00250        0.21198        0.00049        0.87468        0.01802     1497.68006      159.40698     1472.00000    1.26986e+03    5.99042e+03    2.12443e-05    8.25841e-06    2.43379e-05    9.46097e-06    1.83801e-05    7.14500e-06    2.74313e-05    1.06635e-05    1.60031e-05    6.22096e-06    1.93577e-05    7.52501e-06    0.00000e+00    4.01697e+01    9.51600e+02    2.24305e+02    5.62964e+01    5.88725e+01    1.15611e+03
  mc.p5.hnu.329.nodk            329        0.10824        0.32900        0.32540        0.00250        0.21264        0.00049        0.88114        0.01774     1507.22745      169.06341     1483.00000    1.34096e+03    6.30633e+03    2.24340e-05    8.77304e-06    2.55172e-05    9.97876e-06    1.95623e-05    7.65005e-06    2.85212e-05    1.11535e-05    1.70976e-05    6.68618e-06    2.06177e-05    8.06277e-06    0.00000e+00    4.06835e+01    9.20622e+02    2.27173e+02    5.70165e+01    6.58325e+01    1.21124e+03
  mc.p5.hnu.330.nodk            330        0.10890        0.33000        0.32662        0.00250        0.21580        0.00049        0.87532        0.01793     1480.60069      144.13169     1513.00000    1.13454e+03    5.25732e+03    1.89806e-05    7.46832e-06    2.20207e-05    8.66452e-06    1.62525e-05    6.39492e-06    2.49829e-05    9.83007e-06    1.39084e-05    5.47258e-06    2.15530e-05    8.48049e-06    0.00000e+00    7.84318e+01    9.19878e+02    2.19218e+02    5.50198e+01    4.66193e+01    1.21679e+03
  mc.p5.hnu.331.nodk            331        0.10956        0.33100        0.32636        0.00250        0.21615        0.00049        0.88835        0.01673     1495.24268      129.33919     1537.00000    1.02650e+03    4.74902e+03    1.71731e-05    6.80007e-06    2.01323e-05    7.97185e-06    1.44029e-05    5.70314e-06    2.31694e-05    9.17444e-06    1.21373e-05    4.80602e-06    2.04438e-05    8.09519e-06    0.00000e+00    7.99907e+01    7.92646e+02    2.23575e+02    5.61133e+01    3.68959e+01    1.25561e+03
  mc.p5.hnu.332.nodk            332        0.11022        0.33200        0.32706        0.00250        0.21787        0.00049        0.89679        0.01572     1496.62099      113.18439     1545.00000    9.00620e+02    4.13375e+03    1.50671e-05    6.00524e-06    1.80825e-05    7.20708e-06    1.23555e-05    4.92447e-06    2.10207e-05    8.37811e-06    1.02501e-05    4.08535e-06    1.88557e-05    7.51524e-06    0.00000e+00    8.01383e+01    6.87959e+02    2.23987e+02    5.62168e+01    3.43937e+01    1.25457e+03
  mc.p5.hnu.333.nodk            333        0.11089        0.33300        0.32692        0.00250        0.21891        0.00050        0.90000        0.01563     1506.07868      108.48521     1557.00000    8.65861e+02    3.95542e+03    1.44856e-05    5.81243e-06    1.74106e-05    6.98610e-06    1.17889e-05    4.73038e-06    2.04124e-05    8.19060e-06    9.66655e-06    3.87875e-06    1.84113e-05    7.38762e-06    0.00000e+00    8.11543e+01    6.84160e+02    2.26827e+02    5.69296e+01    3.94884e+01    1.35188e+03
  mc.p5.hnu.334.nodk            334        0.11156        0.33400        0.32764        0.00250        0.22096        0.00050        0.91608        0.01456     1549.89468      129.79132     1571.00000    1.00593e+03    4.55254e+03    1.68290e-05    6.79968e-06    1.98758e-05    8.03075e-06    1.41263e-05    5.70769e-06    2.28467e-05    9.23110e-06    1.19147e-05    4.81408e-06    1.85047e-05    7.47673e-06    0.00000e+00    4.03869e+01    6.06555e+02    2.40217e+02    6.02903e+01    4.50682e+01    1.40347e+03
  mc.p5.hnu.335.nodk            335        0.11223        0.33500        0.32777        0.00250        0.22158        0.00050        0.90692        0.01539     1541.70889      133.41867     1565.00000    1.02954e+03    4.64642e+03    1.72239e-05    7.00913e-06    2.01860e-05    8.21452e-06    1.45203e-05    5.90891e-06    2.32241e-05    9.45084e-06    1.22955e-05    5.00355e-06    1.90467e-05    7.75089e-06    0.00000e+00    3.99614e+01    6.84417e+02    2.37687e+02    5.96551e+01    4.32591e+01    1.49439e+03
  mc.p5.hnu.336.nodk            336        0.11290        0.33600        0.32705        0.00250        0.22230        0.00050        0.90024        0.01600     1527.56551      146.73951     1588.00000    1.12135e+03    5.04439e+03    1.87599e-05    7.69058e-06    2.17109e-05    8.90030e-06    1.60435e-05    6.57696e-06    2.46619e-05    1.01101e-05    1.37673e-05    5.64387e-06    2.33758e-05    9.58282e-06    0.00000e+00    3.92316e+01    7.36987e+02    2.33346e+02    5.85656e+01    5.28324e+01    1.56151e+03
  mc.p5.hnu.337.nodk            337        0.11357        0.33700        0.32841        0.00250        0.22533        0.00050        0.87955        0.01665     1490.24116      142.17825     1554.00000    1.07466e+03    4.76928e+03    1.79787e-05    7.42641e-06    2.08159e-05    8.59834e-06    1.53015e-05    6.32054e-06    2.37277e-05    9.80112e-06    1.31232e-05    5.42076e-06    2.27571e-05    9.40020e-06    0.00000e+00    3.73379e+01    7.95791e+02    2.22082e+02    5.57386e+01    5.13093e+01    1.58240e+03
  mc.p5.hnu.338.nodk            338        0.11424        0.33800        0.32872        0.00230        0.21417        0.00049        0.87471        0.01710     1355.26059      113.95129     1411.00000    9.18891e+02    4.29053e+03    1.53728e-05    6.39980e-06    1.82831e-05    7.61136e-06    1.27359e-05    5.30203e-06    2.11146e-05    8.79017e-06    1.06125e-05    4.41805e-06    1.97775e-05    8.23351e-06    0.00000e+00    2.26081e+00    7.02025e+02    1.83673e+02    4.60987e+01    2.84148e+01    1.46132e+03
  mc.p5.hnu.339.nodk            339        0.11492        0.33900        0.33026        0.00230        0.21651        0.00049        0.88107        0.01716     1378.88662      126.92357     1400.00000    1.00091e+03    4.62304e+03    1.67450e-05    7.02744e-06    1.96996e-05    8.26738e-06    1.41214e-05    5.92636e-06    2.25765e-05    9.47475e-06    1.19615e-05    5.01991e-06    1.84555e-05    7.74527e-06    0.00000e+00    2.34032e+00    7.20998e+02    1.90133e+02    4.77199e+01    3.91153e+01    1.46982e+03
  mc.p5.hnu.340.nodk            340        0.11560        0.34000        0.33027        0.00230        0.21795        0.00049        0.88114        0.01774     1394.24721      136.01895     1413.00000    1.06366e+03    4.88027e+03    1.77947e-05    7.53021e-06    2.06515e-05    8.73911e-06    1.51014e-05    6.39047e-06    2.35082e-05    9.94800e-06    1.29190e-05    5.46696e-06    1.92617e-05    8.15099e-06    0.00000e+00    2.39276e+00    7.87777e+02    1.94393e+02    4.87890e+01    4.50087e+01    1.71725e+03
  mc.p5.hnu.342.nodk            342        0.11696        0.34200        0.33171        0.00230        0.22214        0.00050        0.87013        0.01842     1346.43078      106.04674     1440.00000    8.29404e+02    3.73370e+03    1.38757e-05    5.97475e-06    1.66828e-05    7.18345e-06    1.13520e-05    4.88808e-06    1.94140e-05    8.35948e-06    9.40035e-06    4.04770e-06    2.10072e-05    9.04550e-06    0.00000e+00    7.25328e+00    8.12727e+02    1.81288e+02    4.54999e+01    2.19178e+01    1.96767e+03
  mc.p5.hnu.343.nodk            343        0.11765        0.34300        0.33234        0.00230        0.22332        0.00050        0.88148        0.01729     1367.92672      101.69197     1432.00000    7.93325e+02    3.55244e+03    1.32721e-05    5.76709e-06    1.60650e-05    6.98067e-06    1.07789e-05    4.68373e-06    1.88580e-05    8.19431e-06    8.82314e-06    3.83389e-06    1.81786e-05    7.89910e-06    0.00000e+00    7.48673e+00    7.20027e+02    1.87122e+02    4.69644e+01    2.38309e+01    2.13558e+03
  mc.p5.hnu.344.nodk            344        0.11834        0.34400        0.33283        0.00230        0.22520        0.00050        0.89216        0.01658     1421.32195      132.71605     1445.00000    1.00656e+03    4.46954e+03    1.68394e-05    7.38619e-06    1.96793e-05    8.63184e-06    1.42386e-05    6.24540e-06    2.24444e-05    9.84468e-06    1.20896e-05    5.30281e-06    1.86331e-05    8.17293e-06    0.00000e+00    8.08260e+00    6.97711e+02    2.02016e+02    5.07023e+01    3.93430e+01    2.26335e+03
  mc.p5.hnu.345.nodk            345        0.11903        0.34500        0.33213        0.00230        0.22655        0.00050        0.90097        0.01589     1455.44221      139.68377     1440.00000    1.04962e+03    4.63302e+03    1.75599e-05    7.77716e-06    2.03821e-05    9.02708e-06    1.49657e-05    6.62819e-06    2.32042e-05    1.02770e-05    1.28010e-05    5.66947e-06    1.64828e-05    7.30012e-06    0.00000e+00    3.33609e+00    6.58824e+02    2.11831e+02    5.31658e+01    4.92280e+01    2.55202e+03
  mc.p5.hnu.346.nodk            346        0.11972        0.34600        0.33376        0.00230        0.22895        0.00050        0.89549        0.01610     1473.62944      150.86469     1483.00000    1.11586e+03    4.87372e+03    1.86680e-05    8.35100e-06    2.15330e-05    9.63261e-06    1.60886e-05    7.19713e-06    2.43244e-05    1.08813e-05    1.38542e-05    6.19756e-06    1.94027e-05    8.67964e-06    0.00000e+00    3.41998e+00    7.01674e+02    2.17158e+02    5.45029e+01    6.23434e+01    2.71648e+03
  mc.p5.hnu.347.nodk            347        0.12041        0.34700        0.33428        0.00230        0.23101        0.00051        0.87441        0.01731     1468.12266      177.00635     1501.00000    1.28916e+03    5.58052e+03    2.15674e-05    9.74808e-06    2.43320e-05    1.09976e-05    1.89155e-05    8.54946e-06    2.70965e-05    1.22472e-05    1.66777e-05    7.53805e-06    2.39683e-05    1.08332e-05    0.00000e+00    3.39447e+00    8.44785e+02    2.15538e+02    5.40963e+01    9.80760e+01    3.02235e+03
  mc.p5.hnu.348.nodk            348        0.12110        0.34800        0.33557        0.00210        0.21931        0.00050        0.87565        0.01808     1317.90210      138.07740     1368.00000    1.06696e+03    4.86518e+03    1.78499e-05    8.15430e-06    2.06888e-05    9.45117e-06    1.53078e-05    6.99298e-06    2.34510e-05    1.07130e-05    1.31704e-05    6.01659e-06    2.17630e-05    9.94188e-06    0.00000e+00    5.97262e-01    7.40859e+02    1.73687e+02    4.35922e+01    4.29319e+01    2.71316e+03
  mc.p5.hnu.350.nodk            350        0.12250        0.35000        0.33554        0.00210        0.22221        0.00050        0.87845        0.01855     1303.84790      118.36229     1453.00000    9.12525e+02    4.10658e+03    1.52663e-05    7.13194e-06    1.79947e-05    8.40657e-06    1.27872e-05    5.97378e-06    2.07990e-05    9.71665e-06    1.07636e-05    5.02841e-06    2.66349e-05    1.24430e-05    0.00000e+00    7.32204e-02    7.57993e+02    1.70002e+02    4.26674e+01    2.44777e+01    3.35752e+03
  mc.p5.hnu.351.nodk            351        0.12320        0.35100        0.33399        0.00210        0.22332        0.00050        0.87845        0.01855     1348.72673      153.99027     1443.00000    1.16300e+03    5.20786e+03    1.94566e-05    9.19712e-06    2.22430e-05    1.05142e-05    1.69387e-05    8.00692e-06    2.50293e-05    1.18313e-05    1.47272e-05    6.96154e-06    2.66107e-05    1.25789e-05    0.00000e+00    7.83477e-02    8.11072e+02    1.81906e+02    4.56552e+01    5.32641e+01    3.60425e+03
  mc.p5.hnu.352.nodk            352        0.12390        0.35200        0.33366        0.00210        0.22409        0.00050        0.88978        0.01758     1361.18663      136.95976     1445.00000    1.04056e+03    4.64342e+03    1.74084e-05    8.32968e-06    2.01867e-05    9.65910e-06    1.48501e-05    7.10561e-06    2.28900e-05    1.09526e-05    1.27127e-05    6.08286e-06    2.37160e-05    1.13478e-05    0.00000e+00    3.82930e-04    7.23082e+02    1.85283e+02    4.65027e+01    3.81413e+01    3.80366e+03
  mc.p5.hnu.353.nodk            353        0.12461        0.35300        0.33303        0.00210        0.22533        0.00050        0.89433        0.01689     1367.94624      117.75005     1439.00000    8.97107e+02    3.98134e+03    1.50084e-05    7.27238e-06    1.77737e-05    8.61235e-06    1.25041e-05    6.05894e-06    2.05393e-05    9.95240e-06    1.04741e-05    5.07530e-06    2.03898e-05    9.87996e-06    0.00000e+00    3.86743e-04    6.67734e+02    1.87128e+02    4.69657e+01    2.72713e+01    4.07453e+03
  mc.p5.hnu.354.nodk            354        0.12532        0.35400        0.33136        0.00210        0.22713        0.00050        0.90130        0.01650     1377.80928      139.00528     1443.00000    1.03864e+03    4.57297e+03    1.73762e-05    8.53033e-06    2.01172e-05    9.87592e-06    1.48565e-05    7.29333e-06    2.29323e-05    1.12579e-05    1.27459e-05    6.25722e-06    2.22656e-05    1.09306e-05    0.00000e+00    3.92340e-04    6.36232e+02    1.89836e+02    4.76454e+01    5.84349e+01    4.52553e+03
  mc.p5.hnu.355.nodk            355        0.12602        0.35500        0.33079        0.00210        0.22845        0.00050        0.90836        0.01633     1351.29495      122.80962     1462.00000    9.22037e+02    4.03606e+03    1.54254e-05    7.67574e-06    1.81524e-05    9.03268e-06    1.29383e-05    6.43814e-06    2.08057e-05    1.03530e-05    1.09040e-05    5.42585e-06    2.36065e-05    1.17466e-05    0.00000e+00    6.78272e-02    5.90155e+02    1.82600e+02    4.58293e+01    5.22332e+01    4.79550e+03
  mc.p5.hnu.356.nodk            356        0.12674        0.35600        0.32861        0.00210        0.22825        0.00050        0.90561        0.01604     1362.67269      134.75886     1507.00000    1.00423e+03    4.39974e+03    1.68005e-05    8.47806e-06    1.95285e-05    9.85466e-06    1.42975e-05    7.21494e-06    2.22565e-05    1.12313e-05    1.22130e-05    6.16304e-06    2.74913e-05    1.38729e-05    0.00000e+00    9.47953e-03    5.82829e+02    1.85688e+02    4.66043e+01    4.25169e+01    4.85421e+03
  mc.p5.hnu.358.nodk            358        0.12816        0.35800        0.32114        0.00190        0.21238        0.00049        0.88083        0.01778     1173.06679      107.05752     1372.00000    8.70620e+02    4.09930e+03    1.45652e-05    7.57140e-06    1.72632e-05    8.97389e-06    1.20480e-05    6.26286e-06    1.99612e-05    1.03764e-05    1.00759e-05    5.23770e-06    3.03560e-05    1.57799e-05    5.19734e-07    7.02504e-03    5.60757e+02    1.37609e+02    3.45373e+01    4.51314e+01    4.33805e+03
  mc.p5.hnu.359.nodk            359        0.12888        0.35900        0.31627        0.00190        0.21169        0.00049        0.88828        0.01780     1169.16988      107.75857     1298.00000    8.78019e+02    4.14763e+03    1.46890e-05    7.75667e-06    1.73957e-05    9.18597e-06    1.21637e-05    6.42317e-06    2.01024e-05    1.06152e-05    1.01827e-05    5.37709e-06    2.49584e-05    1.31795e-05    0.00000e+00    4.02863e-03    5.49069e+02    1.36696e+02    3.43082e+01    3.05516e+01    4.48678e+03
  mc.p5.hnu.360.nodk            360        0.12960        0.36000        0.31084        0.00190        0.21045        0.00049        0.89625        0.01781     1188.84986      144.18610     1234.00000    1.15490e+03    5.48775e+03    1.93212e-05    1.03709e-05    2.21189e-05    1.18726e-05    1.68002e-05    9.01775e-06    2.48368e-05    1.33315e-05    1.45862e-05    7.82934e-06    2.29982e-05    1.23446e-05    0.00000e+00    6.94603e-01    5.58061e+02    1.41336e+02    3.54729e+01    4.79709e+01    4.75359e+03
  mc.p5.hnu.361.nodk            361        0.13032        0.36100        0.30563        0.00190        0.20854        0.00049        0.88393        0.01896     1148.71007      144.50936     1195.00000    1.16754e+03    5.59857e+03    1.95326e-05    1.06645e-05    2.22754e-05    1.21620e-05    1.69869e-05    9.27457e-06    2.50181e-05    1.36595e-05    1.48092e-05    8.08557e-06    2.33241e-05    1.27345e-05    0.00000e+00    6.48491e-01    6.06906e+02    1.31953e+02    3.31180e+01    6.87696e+01    4.71529e+03
  mc.p5.hnu.362.nodk            362        0.13104        0.36200        0.29989        0.00190        0.20711        0.00049        0.90909        0.01704     1150.68405      151.98885     1180.00000    1.23370e+03    5.95677e+03    2.06394e-05    1.14707e-05    2.34003e-05    1.30051e-05    1.80672e-05    1.00411e-05    2.61614e-05    1.45396e-05    1.58492e-05    8.80844e-06    2.30755e-05    1.28246e-05    0.00000e+00    3.08645e+00    4.65068e+02    1.32407e+02    3.32319e+01    9.55956e+01    4.74189e+03
  mc.p5.hnu.363.nodk            363        0.13177        0.36300        0.29370        0.00190        0.20552        0.00048        0.89728        0.01820     1103.47951      147.60921     1187.00000    1.20878e+03    5.88147e+03    2.02225e-05    1.14493e-05    2.29233e-05    1.29784e-05    1.77042e-05    1.00235e-05    2.56242e-05    1.45075e-05    1.55320e-05    8.79370e-06    2.70974e-05    1.53416e-05    0.00000e+00    4.18761e+00    5.00771e+02    1.21767e+02    3.05613e+01    7.13329e+01    4.54591e+03
  mc.p5.hnu.364.nodk            364        0.13250        0.36400        0.28602        0.00170        0.18805        0.00047        0.89619        0.01967      932.87964       95.32114     1038.00000    8.71275e+02    4.63324e+03    1.45762e-05    8.41406e-06    1.73568e-05    1.00192e-05    1.21409e-05    7.00828e-06    2.00479e-05    1.15726e-05    1.01080e-05    5.83478e-06    2.40844e-05    1.39026e-05    0.00000e+00    2.99288e+00    4.19207e+02    8.70264e+01    2.18421e+01    2.16441e+01    3.41603e+03
  mc.p5.hnu.365.nodk            365        0.13322        0.36500        0.27821        0.00170        0.18523        0.00047        0.90036        0.01965      916.20756      120.83986     1036.00000    1.10538e+03    5.96755e+03    1.84927e-05    1.08937e-05    2.12202e-05    1.25004e-05    1.58879e-05    9.35928e-06    2.39478e-05    1.41072e-05    1.37564e-05    8.10361e-06    2.94028e-05    1.73207e-05    0.00000e+00    2.88686e+00    3.99710e+02    8.39436e+01    2.10683e+01    3.20057e+01    3.12822e+03
  mc.p5.hnu.366.nodk            366        0.13396        0.36600        0.26676        0.00170        0.18078        0.00046        0.90780        0.01900      922.93293      155.56610      991.00000    1.43723e+03    7.95035e+03    2.40444e-05    1.44688e-05    2.69282e-05    1.62041e-05    2.14229e-05    1.28913e-05    2.97190e-05    1.78835e-05    1.91137e-05    1.15017e-05    3.04632e-05    1.83313e-05    0.00000e+00    4.23229e+00    3.73296e+02    8.51805e+01    2.13788e+01    6.25523e+01    3.10152e+03
  mc.p5.hnu.367.nodk            367        0.13469        0.36700        0.25728        0.00170        0.17659        0.00046        0.87786        0.02213      840.51168      131.54256      910.00000    1.25199e+03    7.08978e+03    2.09454e-05    1.28890e-05    2.37096e-05    1.45899e-05    1.83667e-05    1.13021e-05    2.64739e-05    1.62910e-05    1.61377e-05    9.93049e-06    2.76177e-05    1.69948e-05    0.00000e+00    1.99483e+00    4.48790e+02    7.06460e+01    1.77309e+01    3.86388e+01    2.84111e+03
  mc.p5.hnu.368.nodk            368        0.13542        0.36800        0.24435        0.00170        0.16974        0.00045        0.88933        0.02169      828.23834      158.85049      847.00000    1.56316e+03    9.20923e+03    2.61513e-05    1.64757e-05    2.90243e-05    1.82858e-05    2.34366e-05    1.47654e-05    3.17982e-05    2.00333e-05    2.10282e-05    1.32481e-05    2.80337e-05    1.76616e-05    0.00000e+00    1.93700e+00    4.08148e+02    6.85979e+01    1.72168e+01    6.02396e+01    2.59941e+03
  mc.p5.hnu.369.nodk            369        0.13616        0.36900        0.23284        0.00150        0.15177        0.00043        0.89326        0.02594      658.09081       94.43473      712.00000    1.06038e+03    6.98677e+03    1.77398e-05    1.14573e-05    2.05190e-05    1.32523e-05    1.50815e-05    9.74046e-06    2.34093e-05    1.51190e-05    1.28678e-05    8.31073e-06    2.37428e-05    1.53344e-05    0.00000e+00    4.46215e-01    3.65254e+02    4.33084e+01    1.08696e+01    2.80545e+01    1.74905e+03
  mc.p5.hnu.370.nodk            370        0.13690        0.37000        0.21950        0.00150        0.14497        0.00042        0.95062        0.02018      664.25626      106.27761      638.00000    1.23934e+03    8.54883e+03    2.07339e-05    1.37474e-05    2.37571e-05    1.57519e-05    1.79310e-05    1.18890e-05    2.66639e-05    1.76793e-05    1.55479e-05    1.03089e-05    1.79310e-05    1.18890e-05    0.00000e+00    9.80774e-03    1.98867e+02    4.41236e+01    1.10742e+01    2.93457e+01    1.43254e+03
  mc.p5.hnu.371.nodk            371        0.13764        0.37100        0.20549        0.00150        0.13939        0.00042        0.91195        0.02562      595.48444       98.91578      564.00000    1.19909e+03    8.60217e+03    2.00604e-05    1.36765e-05    2.29643e-05    1.56562e-05    1.73703e-05    1.18424e-05    2.59892e-05    1.77185e-05    1.49923e-05    1.02212e-05    1.66620e-05    1.13596e-05    0.00000e+00    7.88204e-03    2.79934e+02    3.54602e+01    8.89987e+00    2.42211e+01    1.23301e+03
  mc.p5.hnu.372.nodk            372        0.13838        0.37200        0.19132        0.00150        0.13256        0.00041        0.90411        0.02779      524.32904       79.02481      520.00000    1.01893e+03    7.68652e+03    1.70465e-05    1.19711e-05    1.99784e-05    1.40301e-05    1.43668e-05    1.00893e-05    2.29106e-05    1.60893e-05    1.21590e-05    8.53883e-06    1.65452e-05    1.16191e-05    0.00000e+00    2.80823e-01    2.59684e+02    2.74921e+01    6.90002e+00    1.73140e+01    1.05947e+03
  mc.p5.hnu.373.nodk            373        0.13913        0.37300        0.17568        0.00150        0.12417        0.00040        0.92593        0.02627      481.39480       63.75235      503.00000    8.90707e+02    7.17334e+03    1.49013e-05    1.08009e-05    1.79020e-05    1.29758e-05    1.22031e-05    8.84511e-06    2.09027e-05    1.51508e-05    1.00586e-05    7.29075e-06    1.79020e-05    1.29758e-05    0.00000e+00    2.36716e-01    1.86583e+02    2.31741e+01    5.81628e+00    9.24414e+00    8.94561e+02
  mc.p5.hnu.374.nodk            374        0.13988        0.37400        0.15902        0.00130        0.10510        0.00037        0.91667        0.03342      381.92935       52.21419      428.00000    8.64667e+02    8.22692e+03    1.44656e-05    1.08466e-05    1.76961e-05    1.32688e-05    1.17375e-05    8.80094e-06    2.09272e-05    1.56915e-05    9.49696e-06    7.12097e-06    2.20580e-05    1.65395e-05    0.00000e+00    1.36471e-06    1.93939e+02    1.45870e+01    3.66108e+00    9.16119e+00    6.42126e+02
  mc.p5.hnu.375.nodk            375        0.14062        0.37500        0.13956        0.00130        0.09466        0.00035        0.92208        0.03706      349.69443       80.77597      364.00000    1.43384e+03    1.51473e+04    2.39877e-05    1.86549e-05    2.73789e-05    2.12922e-05    2.08460e-05    1.62116e-05    3.07706e-05    2.39298e-05    1.82888e-05    1.42229e-05    2.66649e-05    2.07369e-05    0.00000e+00    3.28351e-01    1.97526e+02    1.22286e+01    3.06916e+00    2.88175e+01    6.11849e+02
  mc.p5.hnu.376.nodk            376        0.14138        0.37600        0.12050        0.00130        0.08419        0.00033        0.91549        0.04004      287.64943       74.72993      291.00000    1.48986e+03    1.76957e+04    2.49250e-05    2.01648e-05    2.83394e-05    2.29271e-05    2.17546e-05    1.75999e-05    3.17541e-05    2.56897e-05    1.90271e-05    1.53933e-05    2.57281e-05    2.08146e-05    0.00000e+00    2.22171e-01    1.58248e+02    8.27422e+00    2.07668e+00    1.84510e+01    5.12343e+02
  mc.p5.hnu.377.nodk            377        0.14213        0.37700        0.09998        0.00130        0.07125        0.00031        0.88679        0.05274      234.30049       76.07799      241.00000    1.78775e+03    2.50912e+04    2.99087e-05    2.52605e-05    3.34685e-05    2.82671e-05    2.63551e-05    2.22593e-05    3.70283e-05    3.12737e-05    2.34418e-05    1.97987e-05    3.15699e-05    2.66635e-05    0.00000e+00    1.07496e-01    1.94135e+02    5.48967e+00    1.37781e+00    2.39997e+01    4.76679e+02
  mc.p5.hnu.378.nodk            378        0.14288        0.37800        0.08046        0.00110        0.05368        0.00027        0.84615        0.06993      149.72231       49.14189      169.00000    1.53929e+03    2.86777e+04    2.57519e-05    2.28014e-05    2.95532e-05    2.61671e-05    2.22508e-05    1.97014e-05    3.36721e-05    2.98140e-05    1.92716e-05    1.70636e-05    3.20879e-05    2.84114e-05    0.00000e+00    4.38953e-02    1.53091e+02    2.24168e+00    5.62621e-01    8.76968e+00    2.76912e+02
  mc.p5.hnu.379.nodk            379        0.14364        0.37900        0.06314        0.00110        0.04303        0.00024        0.96000        0.05958      121.12892       33.26417      115.00000    1.33849e+03    3.11077e+04    2.23926e-05    2.08910e-05    2.67726e-05    2.49773e-05    1.84288e-05    1.71930e-05    3.11521e-05    2.90632e-05    1.52426e-05    1.42204e-05    2.01302e-05    1.87803e-05    0.00000e+00    1.07812e-02    5.65201e+01    1.46722e+00    3.68246e-01    5.83295e+00    1.94022e+02
