             channel           mass           mean     sqrt(mean)       full_acc          width      final_acc  final_acc_err       trig_eff       trig_err             bg         bg_err         dt_obs     ul_acc_sig    ul_orig_sig          ul_br          ul_u2    high1_ul_br    high1_ul_u2     low1_ul_br     low1_ul_u2    high2_ul_br    high2_ul_u2     low2_ul_br     low2_ul_u2       dt_ul_br       dt_ul_u2       dt_ll_u2       err_scat       err_trig        err_muv       err_flux     err_hscale       err_hval
  mc.p5.hnu.250.nodk            250        0.06250        0.25000        0.29153        0.00390        0.19368        0.00047        0.89980        0.01444     1824.30752      128.80693     1806.00000    1.15135e+03    5.94459e+03    1.92618e-05    6.70717e-06    2.29986e-05    8.00838e-06    1.58850e-05    5.53132e-06    2.66486e-05    9.27934e-06    1.31827e-05    4.59037e-06    1.77624e-05    6.18506e-06    0.00000e+00    1.46247e+04    8.57631e+02    3.32810e+02    8.35293e+01    6.08736e+01    4.22848e+02
  mc.p5.hnu.252.nodk            252        0.06350        0.25200        0.29378        0.00390        0.19659        0.00048        0.90909        0.01377     1837.75564      116.44672     1822.00000    1.03491e+03    5.26422e+03    1.73137e-05    6.00827e-06    2.09972e-05    7.28651e-06    1.40254e-05    4.86713e-06    2.46808e-05    8.56481e-06    1.15073e-05    3.99332e-06    1.60804e-05    5.58026e-06    0.00000e+00    1.17782e+04    7.74950e+02    3.37735e+02    8.47653e+01    4.66893e+01    3.70820e+02
  mc.p5.hnu.254.nodk            254        0.06452        0.25400        0.29308        0.00390        0.19685        0.00048        0.90711        0.01389     1855.97122      105.81133     1807.00000    9.50342e+02    4.82784e+03    1.58990e-05    5.49993e-06    1.96654e-05    6.80285e-06    1.26503e-05    4.37611e-06    2.33465e-05    8.07627e-06    1.01704e-05    3.51824e-06    1.23246e-05    4.26344e-06    0.00000e+00    9.33377e+03    8.08160e+02    3.44463e+02    8.64540e+01    5.07947e+01    3.88199e+02
  mc.p5.hnu.255.nodk            255        0.06502        0.25500        0.29348        0.00370        0.19095        0.00047        0.91093        0.01383     1773.88391      101.18834     1727.00000    9.40174e+02    4.92361e+03    1.57289e-05    5.43304e-06    1.95245e-05    6.74412e-06    1.24631e-05    4.30498e-06    2.32321e-05    8.02481e-06    9.98349e-06    3.44848e-06    1.21949e-05    4.21236e-06    0.00000e+00    8.52638e+03    7.25401e+02    3.14666e+02    7.89756e+01    4.56946e+01    3.72369e+02
  mc.p5.hnu.257.nodk            257        0.06605        0.25700        0.29452        0.00370        0.19269        0.00047        0.92308        0.01301     1825.66507      102.10137     1726.00000    9.42059e+02    4.88909e+03    1.57604e-05    5.42894e-06    1.95217e-05    6.72460e-06    1.24485e-05    4.28810e-06    2.32830e-05    8.02025e-06    9.99411e-06    3.44265e-06    9.32353e-06    3.21165e-06    0.00000e+00    8.74571e+03    6.61827e+02    3.33305e+02    8.36537e+01    4.68150e+01    3.72823e+02
  mc.p5.hnu.258.nodk            258        0.06656        0.25800        0.29610        0.00370        0.19402        0.00047        0.91165        0.01372     1817.75837      102.70059     1695.00000    9.39494e+02    4.84231e+03    1.57175e-05    5.40724e-06    1.94527e-05    6.69225e-06    1.24951e-05    4.29866e-06    2.31882e-05    7.97737e-06    9.98729e-06    3.43590e-06    8.35724e-06    2.87512e-06    0.00000e+00    8.67012e+03    7.48928e+02    3.30425e+02    8.29307e+01    6.10076e+01    4.29720e+02
  mc.p5.hnu.259.nodk            259        0.06708        0.25900        0.29509        0.00370        0.19373        0.00047        0.90613        0.01372     1823.26844       96.60995     1719.00000    8.96168e+02    4.62580e+03    1.49926e-05    5.15164e-06    1.86481e-05    6.40767e-06    1.17100e-05    4.02367e-06    2.23904e-05    7.69358e-06    9.26327e-06    3.18296e-06    8.44786e-06    2.90278e-06    0.00000e+00    7.39881e+03    7.62656e+02    3.32431e+02    8.34342e+01    6.77197e+01    4.49186e+02
  mc.p5.hnu.260.nodk            260        0.06760        0.26000        0.29638        0.00370        0.19585        0.00048        0.89961        0.01417     1824.01553       97.29264     1746.00000    8.93064e+02    4.56000e+03    1.49407e-05    5.12793e-06    1.85564e-05    6.36891e-06    1.16858e-05    4.01077e-06    2.22582e-05    7.63942e-06    9.25460e-06    3.17635e-06    9.65149e-06    3.31257e-06    0.00000e+00    7.40487e+03    8.25393e+02    3.32703e+02    8.35026e+01    7.80008e+01    4.77493e+02
  mc.p5.hnu.261.nodk            261        0.06812        0.26100        0.29695        0.00370        0.19677        0.00048        0.89796        0.01397     1833.35145       92.97747     1769.00000    8.54696e+02    4.34362e+03    1.42988e-05    4.90235e-06    1.79843e-05    6.16591e-06    1.10816e-05    3.79933e-06    2.15840e-05    7.40009e-06    8.70873e-06    2.98579e-06    9.82724e-06    3.36927e-06    0.00000e+00    6.62069e+03    8.13082e+02    3.36118e+02    8.43595e+01    7.29297e+01    4.64535e+02
  mc.p5.hnu.262.nodk            262        0.06864        0.26200        0.29719        0.00370        0.19725        0.00048        0.90182        0.01360     1840.10430       92.62041     1775.00000    8.51469e+02    4.31677e+03    1.42449e-05    4.87894e-06    1.79216e-05    6.13824e-06    1.10315e-05    3.77834e-06    2.15127e-05    7.36823e-06    8.66311e-06    2.96716e-06    9.72434e-06    3.33064e-06    0.00000e+00    6.66955e+03    7.69841e+02    3.38598e+02    8.49821e+01    6.29788e+01    4.32296e+02
  mc.p5.hnu.263.nodk            263        0.06917        0.26300        0.29708        0.00370        0.19766        0.00048        0.90357        0.01337     1844.06196       92.74482     1806.00000    8.50999e+02    4.30536e+03    1.42370e-05    4.87168e-06    1.79061e-05    6.12718e-06    1.10290e-05    3.77394e-06    2.14897e-05    7.35343e-06    8.66334e-06    2.96446e-06    1.13560e-05    3.88584e-06    0.00000e+00    6.69827e+03    7.44283e+02    3.40056e+02    8.53481e+01    6.69956e+01    4.41256e+02
  mc.p5.hnu.264.nodk            264        0.06970        0.26400        0.29729        0.00370        0.19751        0.00048        0.89624        0.01379     1837.43571       92.42735     1832.00000    8.47082e+02    4.28881e+03    1.41714e-05    4.84505e-06    1.78433e-05    6.10042e-06    1.09701e-05    3.75056e-06    2.15151e-05    7.35577e-06    8.61290e-06    2.94465e-06    1.37520e-05    4.70163e-06    0.00000e+00    6.60822e+03    7.99543e+02    3.37617e+02    8.47358e+01    6.42445e+01    4.31896e+02
  mc.p5.hnu.265.nodk            265        0.07023        0.26500        0.29778        0.00370        0.19942        0.00048        0.90179        0.01347     1870.00937       93.72759     1886.00000    8.52151e+02    4.27312e+03    1.42563e-05    4.87017e-06    1.78926e-05    6.11239e-06    1.10076e-05    3.76039e-06    2.15288e-05    7.35458e-06    8.66857e-06    2.96132e-06    1.56093e-05    5.33239e-06    0.00000e+00    6.84459e+03    7.80204e+02    3.49694e+02    8.77668e+01    6.45332e+01    4.33526e+02
  mc.p5.hnu.266.nodk            266        0.07076        0.26600        0.29824        0.00370        0.19988        0.00048        0.91241        0.01299     1899.07907       88.55587     1891.00000    8.12697e+02    4.06593e+03    1.35962e-05    4.64132e-06    1.72255e-05    5.88025e-06    1.03763e-05    3.54213e-06    2.09391e-05    7.14796e-06    8.04937e-06    2.74780e-06    1.29379e-05    4.41659e-06    0.00000e+00    5.93419e+03    7.31212e+02    3.60650e+02    9.05167e+01    6.41404e+01    4.33091e+02
  mc.p5.hnu.267.nodk            267        0.07129        0.26700        0.29914        0.00370        0.20065        0.00048        0.91971        0.01253     1912.19404       88.45776     1887.00000    8.08833e+02    4.03108e+03    1.35316e-05    4.61623e-06    1.71469e-05    5.84960e-06    1.03266e-05    3.52287e-06    2.08463e-05    7.11162e-06    8.01095e-06    2.73290e-06    1.15922e-05    3.95461e-06    0.00000e+00    6.01643e+03    6.78184e+02    3.65649e+02    9.17713e+01    5.73469e+01    4.10275e+02
  mc.p5.hnu.268.nodk            268        0.07182        0.26800        0.29923        0.00370        0.20190        0.00048        0.92015        0.01277     1929.09513       81.98064     1876.00000    7.58218e+02    3.75534e+03    1.26848e-05    4.32483e-06    1.63632e-05    5.57897e-06    9.52473e-06    3.24742e-06    1.99578e-05    6.80456e-06    7.29086e-06    2.48580e-06    8.99923e-06    3.06826e-06    0.00000e+00    4.86556e+03    7.17228e+02    3.72141e+02    9.34007e+01    5.73959e+01    4.08326e+02
  mc.p5.hnu.269.nodk            269        0.07236        0.26900        0.29969        0.00350        0.19522        0.00048        0.91129        0.01378     1827.16164       78.88427     1815.00000    7.56169e+02    3.87333e+03    1.26505e-05    4.31095e-06    1.62830e-05    5.54880e-06    9.46369e-06    3.22497e-06    2.00018e-05    6.81607e-06    7.22225e-06    2.46115e-06    1.16557e-05    3.97195e-06    0.00000e+00    4.36495e+03    7.63122e+02    3.33852e+02    8.37909e+01    5.99695e+01    4.08342e+02
  mc.p5.hnu.270.nodk            270        0.07290        0.27000        0.30011        0.00350        0.19592        0.00048        0.91042        0.01408     1832.55896       79.25139     1777.00000    7.54388e+02    3.85042e+03    1.26207e-05    4.29892e-06    1.63261e-05    5.56106e-06    9.45285e-06    3.21987e-06    2.00315e-05    6.82322e-06    7.22233e-06    2.46010e-06    8.74542e-06    2.97890e-06    0.00000e+00    4.39077e+03    8.03199e+02    3.35827e+02    8.42866e+01    5.90819e+01    4.04491e+02
  mc.p5.hnu.271.nodk            271        0.07344        0.27100        0.29964        0.00350        0.19595        0.00048        0.91411        0.01370     1863.89559       78.29808     1781.00000    7.47027e+02    3.81229e+03    1.24976e-05    4.25542e-06    1.62887e-05    5.54631e-06    9.34189e-06    3.18092e-06    1.99938e-05    6.80789e-06    7.12713e-06    2.42679e-06    7.29979e-06    2.48558e-06    0.00000e+00    4.17737e+03    7.80057e+02    3.47411e+02    8.71939e+01    7.07207e+01    4.36205e+02
  mc.p5.hnu.272.nodk            272        0.07398        0.27200        0.30022        0.00350        0.19700        0.00048        0.90335        0.01411     1841.10213       77.94893     1783.00000    7.43479e+02    3.77399e+03    1.24382e-05    4.23398e-06    1.61240e-05    5.48862e-06    9.28269e-06    3.15984e-06    1.97238e-05    6.71402e-06    7.07031e-06    2.40674e-06    8.41525e-06    2.86456e-06    0.00000e+00    4.07582e+03    8.26985e+02    3.38966e+02    8.50743e+01    7.30595e+01    4.36418e+02
  mc.p5.hnu.275.nodk            275        0.07563        0.27500        0.30148        0.00350        0.19931        0.00048        0.89414        0.01432     1888.63703       78.46831     1849.00000    7.38119e+02    3.70337e+03    1.23485e-05    4.20170e-06    1.60759e-05    5.46997e-06    9.23844e-06    3.14346e-06    1.97185e-05    6.70940e-06    7.01060e-06    2.38542e-06    9.48563e-06    3.22757e-06    0.00000e+00    3.78939e+03    9.15047e+02    3.56695e+02    8.95241e+01    1.03420e+02    5.37265e+02
  mc.p5.hnu.276.nodk            276        0.07618        0.27600        0.30212        0.00350        0.20006        0.00048        0.89286        0.01435     1892.29797       74.98286     1850.00000    7.12383e+02    3.56088e+03    1.19180e-05    4.05525e-06    1.55482e-05    5.29047e-06    8.76819e-06    2.98350e-06    1.92629e-05    6.55445e-06    6.64364e-06    2.26059e-06    8.88819e-06    3.02433e-06    0.00000e+00    3.24409e+03    9.24798e+02    3.58079e+02    8.98715e+01    9.99185e+01    5.38184e+02
  mc.p5.hnu.277.nodk            277        0.07673        0.27700        0.30185        0.00350        0.20136        0.00048        0.90304        0.01385     1929.56175       73.60751     1831.00000    6.98581e+02    3.46927e+03    1.16871e-05    3.97704e-06    1.53780e-05    5.23303e-06    8.57002e-06    2.91633e-06    1.90689e-05    6.48902e-06    6.43832e-06    2.19092e-06    6.06252e-06    2.06304e-06    0.00000e+00    3.02511e+03    8.76256e+02    3.72321e+02    9.34459e+01    1.04601e+02    5.58056e+02
  mc.p5.hnu.278.nodk            278        0.07728        0.27800        0.30261        0.00350        0.20207        0.00048        0.88889        0.01485     1890.50247       72.42076     1850.00000    6.86299e+02    3.39642e+03    1.14816e-05    3.90777e-06    1.50766e-05    5.13134e-06    8.43996e-06    2.87255e-06    1.87552e-05    6.38334e-06    6.31320e-06    2.14870e-06    8.61849e-06    2.93332e-06    0.00000e+00    2.90388e+03    9.97302e+02    3.57400e+02    8.97010e+01    8.27720e+01    5.02612e+02
  mc.p5.hnu.279.nodk            279        0.07784        0.27900        0.30385        0.00350        0.20355        0.00048        0.89600        0.01465     1913.47286       72.41278     1842.00000    6.82495e+02    3.35297e+03    1.14180e-05    3.88707e-06    1.50697e-05    5.13026e-06    8.33896e-06    2.83888e-06    1.86384e-05    6.34517e-06    6.24465e-06    2.12590e-06    6.95460e-06    2.36759e-06    0.00000e+00    2.97487e+03    9.79016e+02    3.66138e+02    9.18941e+01    7.62648e+01    4.82234e+02
  mc.p5.hnu.280.nodk            280        0.07840        0.28000        0.30338        0.00350        0.20428        0.00048        0.88800        0.01510     1889.92361       69.86220     1846.00000    6.59250e+02    3.22721e+03    1.10291e-05    3.75591e-06    1.46686e-05    4.99535e-06    8.04397e-06    2.73935e-06    1.82256e-05    6.20665e-06    5.98083e-06    2.03675e-06    8.04397e-06    2.73935e-06    0.00000e+00    2.62864e+03    1.03306e+03    3.57181e+02    8.96461e+01    6.82991e+01    4.58781e+02
  mc.p5.hnu.281.nodk            281        0.07896        0.28100        0.30366        0.00350        0.20517        0.00048        0.88757        0.01501     1895.01344       69.76528     1866.00000    6.60455e+02    3.21910e+03    1.10492e-05    3.76431e-06    1.45909e-05    4.97091e-06    7.99754e-06    2.72464e-06    1.82148e-05    6.20552e-06    5.94586e-06    2.02566e-06    8.91277e-06    3.03645e-06    0.00000e+00    2.64282e+03    1.02751e+03    3.59108e+02    9.01296e+01    6.26273e+01    4.48465e+02
  mc.p5.hnu.282.nodk            282        0.07952        0.28200        0.30453        0.00330        0.19798        0.00048        0.88961        0.01566     1783.29308       63.53870     1755.00000    6.33774e+02    3.20124e+03    1.06029e-05    3.61400e-06    1.41905e-05    4.83685e-06    7.60487e-06    2.59213e-06    1.77782e-05    6.05970e-06    5.57743e-06    1.90107e-06    8.47869e-06    2.88997e-06    0.00000e+00    1.95809e+03    9.85440e+02    3.18013e+02    7.98157e+01    5.61091e+01    4.27912e+02
  mc.p5.hnu.283.nodk            283        0.08009        0.28300        0.30474        0.00350        0.20634        0.00049        0.87398        0.01597     1858.84618       66.88236     1873.00000    6.31519e+02    3.06064e+03    1.05651e-05    3.60319e-06    1.40877e-05    4.80454e-06    7.62515e-06    2.60052e-06    1.76923e-05    6.03386e-06    5.65901e-06    1.92998e-06    1.17938e-05    4.02222e-06    0.00000e+00    2.12753e+03    1.15424e+03    3.45531e+02    8.67221e+01    6.30780e+01    4.59911e+02
  mc.p5.hnu.284.nodk            284        0.08066        0.28400        0.30494        0.00330        0.19951        0.00048        0.87815        0.01604     1779.49236       64.98592     1808.00000    6.37628e+02    3.19600e+03    1.06673e-05    3.64042e-06    1.42269e-05    4.85517e-06    7.68959e-06    2.62421e-06    1.77864e-05    6.06991e-06    5.70016e-06    1.94528e-06    1.31251e-05    4.47918e-06    0.00000e+00    1.94976e+03    1.05645e+03    3.16659e+02    7.94758e+01    7.03741e+01    4.95051e+02
  mc.p5.hnu.285.nodk            285        0.08123        0.28500        0.30565        0.00330        0.20083        0.00048        0.87448        0.01620     1780.23522       63.88702     1846.00000    6.27275e+02    3.12346e+03    1.04941e-05    3.58394e-06    1.40309e-05    4.79180e-06    7.53531e-06    2.57345e-06    1.75674e-05    5.99960e-06    5.53101e-06    1.88894e-06    1.60518e-05    5.48198e-06    0.00000e+00    1.77812e+03    1.08704e+03    3.16924e+02    7.95422e+01    6.75393e+01    5.00477e+02
  mc.p5.hnu.286.nodk            286        0.08180        0.28600        0.30578        0.00330        0.20159        0.00048        0.87421        0.01623     1770.78021       62.69228     1844.00000    6.13595e+02    3.04380e+03    1.02653e-05    3.50866e-06    1.37889e-05    4.71303e-06    7.33937e-06    2.50858e-06    1.73126e-05    5.91741e-06    5.40765e-06    1.84832e-06    1.64736e-05    5.63065e-06    0.00000e+00    1.64864e+03    1.08038e+03    3.13566e+02    7.86995e+01    6.64762e+01    5.09282e+02
  mc.p5.hnu.287.nodk            287        0.08237        0.28700        0.30588        0.00330        0.20236        0.00048        0.88470        0.01567     1811.17076       63.34618     1846.00000    6.20866e+02    3.06813e+03    1.03869e-05    3.55345e-06    1.38969e-05    4.75423e-06    7.39371e-06    2.52945e-06    1.74904e-05    5.98360e-06    5.46412e-06    1.86932e-06    1.33119e-05    4.55410e-06    0.00000e+00    1.72471e+03    1.02905e+03    3.28034e+02    8.23307e+01    7.26049e+01    5.36795e+02
  mc.p5.hnu.288.nodk            288        0.08294        0.28800        0.30735        0.00330        0.20421        0.00048        0.89727        0.01495     1839.29815       62.98266     1866.00000    6.13693e+02    3.00519e+03    1.02669e-05    3.51588e-06    1.38280e-05    4.73535e-06    7.30512e-06    2.50162e-06    1.73889e-05    5.95479e-06    5.36134e-06    1.83598e-06    1.25029e-05    4.28159e-06    0.00000e+00    1.77869e+03    9.39034e+02    3.38302e+02    8.49077e+01    6.69196e+01    5.32704e+02
  mc.p5.hnu.289.nodk            289        0.08352        0.28900        0.30742        0.00330        0.20476        0.00048        0.90060        0.01434     1847.19562       60.44505     1885.00000    5.96314e+02    2.91220e+03    9.97617e-06    3.42000e-06    1.35287e-05    4.63787e-06    7.03422e-06    2.41145e-06    1.70811e-05    5.85568e-06    5.12736e-06    1.75775e-06    1.31156e-05    4.49626e-06    0.00000e+00    1.56498e+03    8.64559e+02    3.41213e+02    8.56384e+01    5.90847e+01    5.26690e+02
  mc.p5.hnu.290.nodk            290        0.08410        0.29000        0.30851        0.00330        0.20647        0.00049        0.91159        0.01357     1873.01939       60.29025     1915.00000    5.92664e+02    2.87052e+03    9.91511e-06    3.40304e-06    1.34383e-05    4.61226e-06    6.93778e-06    2.38117e-06    1.69614e-05    5.82143e-06    5.06226e-06    1.73745e-06    1.33564e-05    4.58414e-06    0.00000e+00    1.60904e+03    7.77231e+02    3.50820e+02    8.80496e+01    5.76217e+01    5.31695e+02
  mc.p5.hnu.291.nodk            291        0.08468        0.29100        0.30837        0.00330        0.20664        0.00049        0.91194        0.01352     1863.44304       57.74885     1903.00000    5.73329e+02    2.77451e+03    9.59165e-06    3.29616e-06    1.31128e-05    4.50621e-06    6.69881e-06    2.30204e-06    1.66341e-05    5.71628e-06    4.84960e-06    1.66656e-06    1.28672e-05    4.42178e-06    0.00000e+00    1.38133e+03    7.62992e+02    3.47242e+02    8.71515e+01    4.92910e+01    5.16814e+02
  mc.p5.hnu.292.nodk            292        0.08526        0.29200        0.30951        0.00330        0.20860        0.00049        0.91650        0.01316     1885.22504       57.92266     1902.00000    5.71304e+02    2.73879e+03    9.55776e-06    3.28894e-06    1.30458e-05    4.48921e-06    6.63058e-06    2.28166e-06    1.66149e-05    5.71737e-06    4.80925e-06    1.65492e-06    1.09367e-05    3.76345e-06    0.00000e+00    1.41381e+03    7.33308e+02    3.55407e+02    8.92009e+01    4.73139e+01    5.30132e+02
  mc.p5.hnu.293.nodk            293        0.08585        0.29300        0.30996        0.00330        0.20982        0.00049        0.91396        0.01322     1887.77033       56.47380     1840.00000    5.56495e+02    2.65223e+03    9.31002e-06    3.20830e-06    1.28589e-05    4.43125e-06    6.47664e-06    2.23189e-06    1.63271e-05    5.62643e-06    4.64413e-06    1.60040e-06    6.27104e-06    2.16104e-06    0.00000e+00    1.23417e+03    7.45801e+02    3.56368e+02    8.94419e+01    4.78912e+01    5.34417e+02
  mc.p5.hnu.294.nodk            294        0.08644        0.29400        0.30972        0.00330        0.20990        0.00049        0.90600        0.01405     1878.37110       57.87939     1821.00000    5.66397e+02    2.69838e+03    9.47568e-06    3.27039e-06    1.29421e-05    4.46678e-06    6.62431e-06    2.28628e-06    1.64891e-05    5.69095e-06    4.76577e-06    1.64483e-06    5.93419e-06    2.04810e-06    0.00000e+00    1.22191e+03    8.48858e+02    3.52828e+02    8.85535e+01    5.39258e+01    5.75543e+02
  mc.p5.hnu.295.nodk            295        0.08702        0.29500        0.30936        0.00310        0.20222        0.00048        0.89522        0.01576     1750.48818       55.50822     1685.00000    5.64584e+02    2.79187e+03    9.44534e-06    3.26522e-06    1.29612e-05    4.48063e-06    6.56605e-06    2.26986e-06    1.64771e-05    5.69606e-06    4.73730e-06    1.63767e-06    5.45814e-06    1.88686e-06    0.00000e+00    9.07292e+02    9.49185e+02    3.06421e+02    7.69062e+01    5.52560e+01    5.77484e+02
  mc.p5.hnu.299.nodk            299        0.08940        0.29900        0.31194        0.00310        0.20537        0.00048        0.89165        0.01589     1762.30306       55.10945     1760.00000    5.54992e+02    2.70235e+03    9.28487e-06    3.23379e-06    1.27470e-05    4.43961e-06    6.44640e-06    2.24519e-06    1.62091e-05    5.64540e-06    4.64611e-06    1.61818e-06    9.12183e-06    3.17700e-06    0.00000e+00    7.53990e+02    9.86940e+02    3.10571e+02    7.79478e+01    4.97061e+01    6.69751e+02
  mc.p5.hnu.300.nodk            300        0.09000        0.30000        0.31214        0.00310        0.20799        0.00049        0.88889        0.01576     1741.50114       53.77773     1752.00000    5.37541e+02    2.58445e+03    8.99292e-06    3.13873e-06    1.24122e-05    4.33214e-06    6.20546e-06    2.16584e-06    1.57500e-05    5.49711e-06    4.48597e-06    1.56571e-06    9.88837e-06    3.45126e-06    0.00000e+00    7.36295e+02    9.52924e+02    3.03283e+02    7.61185e+01    3.86179e+01    6.43578e+02
  mc.p5.hnu.301.nodk            301        0.09060        0.30100        0.31319        0.00310        0.20878        0.00049        0.89059        0.01569     1749.21829       53.56161     1734.00000    5.35978e+02    2.56715e+03    8.96677e-06    3.13655e-06    1.23733e-05    4.32813e-06    6.18287e-06    2.16275e-06    1.56985e-05    5.49127e-06    4.43383e-06    1.55094e-06    7.83332e-06    2.74007e-06    0.00000e+00    7.42835e+02    9.50208e+02    3.05976e+02    7.67946e+01    3.47137e+01    6.22396e+02
  mc.p5.hnu.302.nodk            302        0.09120        0.30200        0.31303        0.00310        0.20948        0.00049        0.88285        0.01575     1723.87061       50.69163     1751.00000    5.12061e+02    2.44442e+03    8.56664e-06    3.00354e-06    1.19631e-05    4.19436e-06    5.88281e-06    2.06256e-06    1.52786e-05    5.35683e-06    4.17719e-06    1.46456e-06    1.08308e-05    3.79739e-06    0.00000e+00    5.89595e+02    9.46164e+02    2.97173e+02    7.45851e+01    2.41396e+01    5.48279e+02
  mc.p5.hnu.304.nodk            304        0.09242        0.30400        0.31395        0.00310        0.21179        0.00049        0.88911        0.01496     1747.40229       50.53599     1773.00000    5.09188e+02    2.40421e+03    8.51858e-06    3.00152e-06    1.18781e-05    4.18524e-06    5.79918e-06    2.04334e-06    1.52375e-05    5.36895e-06    4.12182e-06    1.45232e-06    1.05983e-05    3.73432e-06    0.00000e+00    5.27418e+02    8.64599e+02    3.05341e+02    7.66353e+01    2.99919e+01    6.33071e+02
  mc.p5.hnu.305.nodk            305        0.09302        0.30500        0.31450        0.00310        0.21363        0.00049        0.88212        0.01527     1737.58650       50.68676     1780.00000    5.04237e+02    2.36030e+03    8.43575e-06    2.98019e-06    1.17662e-05    4.15676e-06    5.74467e-06    2.02948e-06    1.50173e-05    5.30534e-06    4.11524e-06    1.45384e-06    1.18455e-05    4.18478e-06    0.00000e+00    5.21509e+02    9.05029e+02    3.01921e+02    7.57767e+01    2.65184e+01    6.36597e+02
  mc.p5.hnu.306.nodk            306        0.09364        0.30600        0.31518        0.00310        0.21436        0.00049        0.88063        0.01532     1742.98033       50.99046     1798.00000    5.02787e+02    2.34553e+03    8.41149e-06    2.97980e-06    1.17303e-05    4.15549e-06    5.78861e-06    2.05064e-06    1.50491e-05    5.33119e-06    4.11714e-06    1.45851e-06    1.28366e-05    4.54741e-06    0.00000e+00    4.64450e+02    9.19261e+02    3.03798e+02    7.62479e+01    3.39549e+01    6.73540e+02
  mc.p5.hnu.307.nodk            307        0.09425        0.30700        0.31513        0.00290        0.20585        0.00048        0.88125        0.01580     1646.92015       49.24930     1668.00000    5.07214e+02    2.46403e+03    8.48555e-06    3.01465e-06    1.18607e-05    4.21373e-06    5.82307e-06    2.06875e-06    1.52360e-05    5.41287e-06    4.13192e-06    1.46794e-06    1.02965e-05    3.65801e-06    0.00000e+00    3.26888e+02    8.72323e+02    2.71235e+02    6.80750e+01    3.79834e+01    7.07035e+02
  mc.p5.hnu.308.nodk            308        0.09486        0.30800        0.31597        0.00290        0.20679        0.00049        0.87342        0.01632     1639.19599       49.13497     1665.00000    5.07251e+02    2.45299e+03    8.48617e-06    3.02385e-06    1.17643e-05    4.19195e-06    5.76365e-06    2.05374e-06    1.51244e-05    5.38922e-06    4.12032e-06    1.46818e-06    1.06170e-05    3.78312e-06    0.00000e+00    3.23829e+02    9.38427e+02    2.68696e+02    6.74380e+01    2.96052e+01    6.73651e+02
  mc.p5.hnu.309.nodk            309        0.09548        0.30900        0.31590        0.00290        0.20795        0.00049        0.88323        0.01586     1670.91819       50.32719     1665.00000    5.10151e+02    2.45329e+03    8.53469e-06    3.05055e-06    1.18751e-05    4.24452e-06    5.89032e-06    2.10538e-06    1.52156e-05    5.43851e-06    4.19704e-06    1.50015e-06    8.14019e-06    2.90954e-06    0.00000e+00    3.36484e+02    8.99865e+02    2.79197e+02    7.00734e+01    3.98532e+01    7.53676e+02
  mc.p5.hnu.310.nodk            310        0.09610        0.31000        0.31761        0.00290        0.21024        0.00049        0.90405        0.01467     1724.75136       51.31237     1678.00000    5.14585e+02    2.44764e+03    8.60888e-06    3.08695e-06    1.19929e-05    4.30039e-06    5.92718e-06    2.12535e-06    1.52961e-05    5.48486e-06    4.21616e-06    1.51182e-06    5.67593e-06    2.03526e-06    0.00000e+00    4.20318e+02    7.83010e+02    2.97477e+02    7.46613e+01    4.99966e+01    8.15900e+02
  mc.p5.hnu.311.nodk            311        0.09672        0.31100        0.31876        0.00290        0.21173        0.00049        0.90377        0.01454     1720.94998       51.38695     1663.00000    5.10244e+02    2.40990e+03    8.53624e-06    3.07111e-06    1.18962e-05    4.27995e-06    5.87870e-06    2.11500e-06    1.51762e-05    5.46000e-06    4.18319e-06    1.50500e-06    5.13120e-06    1.84607e-06    0.00000e+00    4.45215e+02    7.66194e+02    2.96167e+02    7.43326e+01    4.89552e+01    8.19299e+02
  mc.p5.hnu.312.nodk            312        0.09734        0.31200        0.31901        0.00290        0.21317        0.00049        0.89407        0.01522     1719.78994       52.09166     1707.00000    5.11690e+02    2.40039e+03    8.56044e-06    3.09046e-06    1.18975e-05    4.29521e-06    5.91204e-06    2.13435e-06    1.51551e-05    5.47123e-06    4.21498e-06    1.52168e-06    7.66560e-06    2.76741e-06    0.00000e+00    4.44615e+02    8.57561e+02    2.95768e+02    7.42324e+01    5.02404e+01    8.01903e+02
  mc.p5.hnu.313.nodk            313        0.09797        0.31300        0.31804        0.00290        0.21309        0.00049        0.89706        0.01498     1717.68494       51.52752     1677.00000    5.08872e+02    2.38802e+03    8.51329e-06    3.08444e-06    1.18518e-05    4.29401e-06    5.86468e-06    2.12483e-06    1.51108e-05    5.47479e-06    4.17315e-06    1.51197e-06    5.91610e-06    2.14346e-06    0.00000e+00    4.43527e+02    8.22614e+02    2.95044e+02    7.40508e+01    4.52054e+01    8.02088e+02
  mc.p5.hnu.314.nodk            314        0.09860        0.31400        0.31826        0.00290        0.21441        0.00049        0.88110        0.01597     1671.66309       50.75676     1720.00000    4.98548e+02    2.32517e+03    8.34058e-06    3.03307e-06    1.15801e-05    4.21114e-06    5.71543e-06    2.07843e-06    1.48196e-05    5.38920e-06    4.08182e-06    1.48436e-06    1.22123e-05    4.44103e-06    0.00000e+00    3.86906e+02    9.18253e+02    2.79446e+02    7.01359e+01    3.40288e+01    7.54498e+02
  mc.p5.hnu.315.nodk            315        0.09923        0.31500        0.31929        0.00290        0.21533        0.00049        0.88034        0.01607     1674.54413       52.16065     1794.00000    5.05492e+02    2.34752e+03    8.45675e-06    3.08712e-06    1.16818e-05    4.26443e-06    5.83033e-06    2.12835e-06    1.49070e-05    5.44177e-06    4.18149e-06    1.52644e-06    1.78959e-05    6.53285e-06    2.63462e-07    4.19673e+02    9.34115e+02    2.80410e+02    7.03778e+01    4.23175e+01    8.20165e+02
  mc.p5.hnu.316.nodk            316        0.09986        0.31600        0.31986        0.00290        0.21687        0.00049        0.87118        0.01674     1656.40790       53.27781     1806.00000    5.08154e+02    2.34315e+03    8.50128e-06    3.11569e-06    1.17032e-05    4.28917e-06    5.88393e-06    2.15644e-06    1.48268e-05    5.43399e-06    4.26274e-06    1.56228e-06    2.02148e-05    7.40865e-06    1.06984e-06    4.10632e+02    1.01305e+03    2.74369e+02    6.88616e+01    4.53414e+01    8.62639e+02
  mc.p5.hnu.318.nodk            318        0.10112        0.31800        0.32040        0.00270        0.20934        0.00049        0.90024        0.01600     1622.52461       51.71416     1667.00000    5.14160e+02    2.45605e+03    8.60177e-06    3.17888e-06    1.18386e-05    4.37510e-06    5.95805e-06    2.20187e-06    1.51564e-05    5.60124e-06    4.25486e-06    1.57243e-06    1.22432e-05    4.52463e-06    0.00000e+00    2.82131e+02    8.31462e+02    2.63259e+02    6.60732e+01    6.00004e+01    9.51847e+02
  mc.p5.hnu.319.nodk            319        0.10176        0.31900        0.32164        0.00270        0.21117        0.00049        0.91084        0.01520     1666.61489       51.54904     1652.00000    5.10916e+02    2.41942e+03    8.54748e-06    3.17267e-06    1.18364e-05    4.39346e-06    5.87580e-06    2.18099e-06    1.51254e-05    5.61426e-06    4.20562e-06    1.56105e-06    7.50260e-06    2.78483e-06    0.00000e+00    2.09814e+02    7.73210e+02    2.77761e+02    6.97129e+01    6.53338e+01    1.01593e+03
  mc.p5.hnu.320.nodk            320        0.10240        0.32000        0.32249        0.00270        0.21321        0.00049        0.92991        0.01352     1722.73783       52.27817     1594.00000    5.13129e+02    2.40667e+03    8.58451e-06    3.20083e-06    1.19208e-05    4.44481e-06    5.93382e-06    2.21249e-06    1.51776e-05    5.65915e-06    4.23301e-06    1.57832e-06    3.12940e-06    1.16683e-06    0.00000e+00    2.24182e+02    6.27239e+02    2.96783e+02    7.44871e+01    8.09815e+01    1.12183e+03
  mc.p5.hnu.321.nodk            321        0.10304        0.32100        0.32207        0.00270        0.21331        0.00049        0.92938        0.01338     1701.97606       50.60953     1620.00000    5.00579e+02    2.34669e+03    8.37455e-06    3.13714e-06    1.17100e-05    4.38661e-06    5.74377e-06    2.15164e-06    1.49662e-05    5.60638e-06    4.10584e-06    1.53806e-06    4.13696e-06    1.54972e-06    0.00000e+00    2.18811e+02    5.99951e+02    2.89672e+02    7.27026e+01    6.39075e+01    1.08720e+03
  mc.p5.hnu.322.nodk            322        0.10368        0.32200        0.32162        0.00270        0.21389        0.00049        0.93128        0.01351     1706.66681       49.99271     1621.00000    4.97324e+02    2.32515e+03    8.32009e-06    3.13177e-06    1.15678e-05    4.35425e-06    5.69139e-06    2.14230e-06    1.48946e-05    5.60651e-06    4.05979e-06    1.52815e-06    3.96925e-06    1.49407e-06    0.00000e+00    1.38704e+02    6.13007e+02    2.91271e+02    7.31039e+01    5.81432e+01    1.11409e+03
  mc.p5.hnu.324.nodk            324        0.10498        0.32400        0.32426        0.00270        0.21763        0.00049        0.92967        0.01310     1681.50474       47.06098     1665.00000    4.71239e+02    2.16532e+03    7.88370e-06    2.99759e-06    1.10772e-05    4.21186e-06    5.31645e-06    2.02146e-06    1.42706e-05    5.42606e-06    3.75422e-06    1.42746e-06    6.73945e-06    2.56252e-06    0.00000e+00    7.03675e+01    5.61023e+02    2.82746e+02    7.09641e+01    3.83626e+01    1.04519e+03
  mc.p5.hnu.325.nodk            325        0.10563        0.32500        0.32464        0.00270        0.21844        0.00050        0.90812        0.01442     1641.32529       48.23529     1680.00000    4.74555e+02    2.17248e+03    7.93917e-06    3.03467e-06    1.10430e-05    4.22108e-06    5.37126e-06    2.05311e-06    1.42242e-05    5.43706e-06    3.83011e-06    1.46402e-06    1.09654e-05    4.19142e-06    0.00000e+00    6.70448e+01    6.79564e+02    2.69395e+02    6.76133e+01    3.87020e+01    1.05868e+03
  mc.p5.hnu.326.nodk            326        0.10628        0.32600        0.32469        0.00270        0.22088        0.00050        0.91398        0.01408     1654.62514       47.84525     1641.00000    4.66533e+02    2.11214e+03    7.80498e-06    2.99967e-06    1.09512e-05    4.20885e-06    5.27555e-06    2.02754e-06    1.40206e-05    5.38851e-06    3.76059e-06    1.44530e-06    6.87545e-06    2.64242e-06    0.00000e+00    6.94484e+01    6.49946e+02    2.73778e+02    6.87135e+01    3.82116e+01    1.04062e+03
  mc.p5.hnu.327.nodk            327        0.10693        0.32700        0.32520        0.00270        0.22223        0.00050        0.89616        0.01562     1648.19592       52.00643     1610.00000    4.88988e+02    2.20035e+03    8.18064e-06    3.16175e-06    1.12298e-05    4.34020e-06    5.62896e-06    2.17555e-06    1.43548e-05    5.54799e-06    4.03014e-06    1.55761e-06    5.77933e-06    2.23366e-06    0.00000e+00    4.86495e+01    8.25455e+02    2.71655e+02    6.81805e+01    6.09340e+01    1.19162e+03
  mc.p5.hnu.328.nodk            328        0.10758        0.32800        0.32532        0.00250        0.21198        0.00049        0.87468        0.01802     1497.68006       52.12090     1472.00000    5.02019e+02    2.36822e+03    8.39864e-06    3.26484e-06    1.15158e-05    4.47657e-06    5.84885e-06    2.27365e-06    1.46328e-05    5.68827e-06    4.25795e-06    1.65521e-06    6.64224e-06    2.58207e-06    0.00000e+00    4.01697e+01    9.51600e+02    2.24305e+02    5.62964e+01    5.88725e+01    1.15611e+03
  mc.p5.hnu.329.nodk            329        0.10824        0.32900        0.32540        0.00250        0.21264        0.00049        0.88114        0.01774     1507.22745       52.75574     1483.00000    5.07110e+02    2.38486e+03    8.48382e-06    3.31769e-06    1.15911e-05    4.53283e-06    5.92529e-06    2.31715e-06    1.46185e-05    5.71673e-06    4.28787e-06    1.67682e-06    6.78481e-06    2.65327e-06    0.00000e+00    4.06835e+01    9.20622e+02    2.27173e+02    5.70165e+01    6.58325e+01    1.21124e+03
  mc.p5.hnu.330.nodk            330        0.10890        0.33000        0.32662        0.00250        0.21580        0.00049        0.87532        0.01793     1480.60069       52.13768     1513.00000    4.92587e+02    2.28258e+03    8.24085e-06    3.24254e-06    1.13029e-05    4.44736e-06    5.78653e-06    2.27684e-06    1.42862e-05    5.62123e-06    4.17263e-06    1.64181e-06    1.08318e-05    4.26199e-06    0.00000e+00    7.84318e+01    9.19878e+02    2.19218e+02    5.50198e+01    4.66193e+01    1.21679e+03
  mc.p5.hnu.331.nodk            331        0.10956        0.33100        0.32636        0.00250        0.21615        0.00049        0.88835        0.01673     1495.24268       50.86916     1537.00000    4.86661e+02    2.25150e+03    8.14171e-06    3.22389e-06    1.11210e-05    4.40361e-06    5.63713e-06    2.23215e-06    1.41786e-05    5.61432e-06    4.05367e-06    1.60514e-06    1.14346e-05    4.52779e-06    0.00000e+00    7.99907e+01    7.92646e+02    2.23575e+02    5.61133e+01    3.68959e+01    1.25561e+03
  mc.p5.hnu.332.nodk            332        0.11022        0.33200        0.32706        0.00250        0.21787        0.00049        0.89679        0.01572     1496.62099       49.41657     1545.00000    4.72525e+02    2.16884e+03    7.90522e-06    3.15075e-06    1.09394e-05    4.36007e-06    5.43955e-06    2.16802e-06    1.38957e-05    5.53836e-06    3.92644e-06    1.56494e-06    1.17174e-05    4.67016e-06    0.00000e+00    8.01383e+01    6.87959e+02    2.23987e+02    5.62168e+01    3.43937e+01    1.25457e+03
  mc.p5.hnu.333.nodk            333        0.11089        0.33300        0.32692        0.00250        0.21891        0.00050        0.90000        0.01563     1506.07868       50.33613     1557.00000    4.78780e+02    2.18716e+03    8.00986e-06    3.21400e-06    1.09519e-05    4.39450e-06    5.53497e-06    2.22094e-06    1.39711e-05    5.60599e-06    3.97406e-06    1.59461e-06    1.19583e-05    4.79834e-06    0.00000e+00    8.11543e+01    6.84160e+02    2.26827e+02    5.69296e+01    3.94884e+01    1.35188e+03
  mc.p5.hnu.334.nodk            334        0.11156        0.33400        0.32764        0.00250        0.22096        0.00050        0.91608        0.01456     1549.89468       50.40323     1571.00000    4.73580e+02    2.14327e+03    7.92286e-06    3.20120e-06    1.09904e-05    4.44061e-06    5.48974e-06    2.21811e-06    1.39813e-05    5.64909e-06    3.95226e-06    1.59689e-06    9.60988e-06    3.88283e-06    0.00000e+00    4.03869e+01    6.06555e+02    2.40217e+02    6.02903e+01    4.50682e+01    1.40347e+03
  mc.p5.hnu.335.nodk            335        0.11223        0.33500        0.32777        0.00250        0.22158        0.00050        0.90692        0.01539     1541.70889       52.07472     1565.00000    4.82410e+02    2.17717e+03    8.07059e-06    3.28425e-06    1.10525e-05    4.49774e-06    5.62988e-06    2.29103e-06    1.41109e-05    5.74231e-06    4.07223e-06    1.65716e-06    9.90558e-06    4.03099e-06    0.00000e+00    3.99614e+01    6.84417e+02    2.37687e+02    5.96551e+01    4.32591e+01    1.49439e+03
  mc.p5.hnu.336.nodk            336        0.11290        0.33600        0.32705        0.00250        0.22230        0.00050        0.90024        0.01600     1527.56551       53.58141     1588.00000    4.89596e+02    2.20244e+03    8.19082e-06    3.35780e-06    1.11625e-05    4.57601e-06    5.74631e-06    2.35568e-06    1.41342e-05    5.79425e-06    4.17325e-06    1.71081e-06    1.28388e-05    5.26323e-06    0.00000e+00    3.92316e+01    7.36987e+02    2.33346e+02    5.85656e+01    5.28324e+01    1.56151e+03
  mc.p5.hnu.337.nodk            337        0.11357        0.33700        0.32841        0.00250        0.22533        0.00050        0.87955        0.01665     1490.24116       54.03110     1554.00000    4.85030e+02    2.15255e+03    8.11443e-06    3.35180e-06    1.09710e-05    4.53177e-06    5.69406e-06    2.35203e-06    1.39027e-05    5.74275e-06    4.16645e-06    1.72102e-06    1.29255e-05    5.33909e-06    0.00000e+00    3.73379e+01    7.95791e+02    2.22082e+02    5.57386e+01    5.13093e+01    1.58240e+03
  mc.p5.hnu.338.nodk            338        0.11424        0.33800        0.32872        0.00230        0.21417        0.00049        0.87471        0.01710     1355.26059       50.29316     1411.00000    4.78948e+02    2.23632e+03    8.01266e-06    3.33573e-06    1.09414e-05    4.55498e-06    5.60068e-06    2.33160e-06    1.37908e-05    5.74121e-06    4.05489e-06    1.68808e-06    1.24453e-05    5.18106e-06    0.00000e+00    2.26081e+00    7.02025e+02    1.83673e+02    4.60987e+01    2.84148e+01    1.46132e+03
  mc.p5.hnu.339.nodk            339        0.11492        0.33900        0.33026        0.00230        0.21651        0.00049        0.88107        0.01716     1378.88662       51.05407     1400.00000    4.76948e+02    2.20293e+03    7.97922e-06    3.34866e-06    1.09538e-05    4.59701e-06    5.60393e-06    2.35182e-06    1.38504e-05    5.81262e-06    4.07368e-06    1.70961e-06    9.70123e-06    4.07134e-06    0.00000e+00    2.34032e+00    7.20998e+02    1.90133e+02    4.77199e+01    3.91153e+01    1.46982e+03
  mc.p5.hnu.340.nodk            340        0.11560        0.34000        0.33027        0.00230        0.21795        0.00049        0.88114        0.01774     1394.24721       54.33840     1413.00000    4.97777e+02    2.28390e+03    8.32767e-06    3.52403e-06    1.12035e-05    4.74101e-06    5.88038e-06    2.48841e-06    1.40791e-05    5.95788e-06    4.32293e-06    1.82934e-06    9.80446e-06    4.14897e-06    0.00000e+00    2.39276e+00    7.87777e+02    1.94393e+02    4.87890e+01    4.50087e+01    1.71725e+03
  mc.p5.hnu.342.nodk            342        0.11696        0.34200        0.33171        0.00230        0.22214        0.00050        0.87013        0.01842     1346.43078       55.84313     1440.00000    4.94055e+02    2.22407e+03    8.26541e-06    3.55901e-06    1.10865e-05    4.77375e-06    5.91439e-06    2.54668e-06    1.38313e-05    5.95561e-06    4.39194e-06    1.89113e-06    1.54323e-05    6.64501e-06    0.00000e+00    7.25328e+00    8.12727e+02    1.81288e+02    4.54999e+01    2.19178e+01    1.96767e+03
  mc.p5.hnu.343.nodk            343        0.11765        0.34300        0.33234        0.00230        0.22332        0.00050        0.88148        0.01729     1367.92672       56.50856     1432.00000    4.94484e+02    2.21426e+03    8.27258e-06    3.59466e-06    1.10782e-05    4.81378e-06    5.94139e-06    2.58169e-06    1.38840e-05    6.03296e-06    4.39201e-06    1.90844e-06    1.32015e-05    5.73641e-06    0.00000e+00    7.48673e+00    7.20027e+02    1.87122e+02    4.69644e+01    2.38309e+01    2.13558e+03
  mc.p5.hnu.344.nodk            344        0.11834        0.34400        0.33283        0.00230        0.22520        0.00050        0.89216        0.01658     1421.32195       58.35002     1445.00000    5.07147e+02    2.25195e+03    8.48444e-06    3.72148e-06    1.13410e-05    4.97446e-06    6.09558e-06    2.67367e-06    1.41225e-05    6.19447e-06    4.50543e-06    1.97619e-06    1.02886e-05    4.51284e-06    0.00000e+00    8.08260e+00    6.97711e+02    2.02016e+02    5.07023e+01    3.93430e+01    2.26335e+03
  mc.p5.hnu.345.nodk            345        0.11903        0.34500        0.33213        0.00230        0.22655        0.00050        0.90097        0.01589     1455.44221       60.73084     1440.00000    5.19882e+02    2.29476e+03    8.69749e-06    3.85206e-06    1.15361e-05    5.10924e-06    6.31257e-06    2.79579e-06    1.43745e-05    6.36638e-06    4.70303e-06    2.08294e-06    7.65161e-06    3.38885e-06    0.00000e+00    3.33609e+00    6.58824e+02    2.11831e+02    5.31658e+01    4.92280e+01    2.55202e+03
  mc.p5.hnu.346.nodk            346        0.11972        0.34600        0.33376        0.00230        0.22895        0.00050        0.89549        0.01610     1473.62944       62.81425     1483.00000    5.27185e+02    2.30257e+03    8.81966e-06    3.94541e-06    1.17014e-05    5.23453e-06    6.45352e-06    2.88693e-06    1.45092e-05    6.49059e-06    4.80498e-06    2.14947e-06    9.55845e-06    4.27590e-06    0.00000e+00    3.41998e+00    7.01674e+02    2.17158e+02    5.45029e+01    6.23434e+01    2.71648e+03
  mc.p5.hnu.347.nodk            347        0.12041        0.34700        0.33428        0.00230        0.23101        0.00051        0.87441        0.01731     1468.12266       67.15034     1501.00000    5.50921e+02    2.38482e+03    9.21676e-06    4.16581e-06    1.19983e-05    5.42301e-06    6.79034e-06    3.06912e-06    1.47797e-05    6.68015e-06    5.15307e-06    2.32910e-06    1.16323e-05    5.25759e-06    0.00000e+00    3.39447e+00    8.44785e+02    2.15538e+02    5.40963e+01    9.80760e+01    3.02235e+03
  mc.p5.hnu.348.nodk            348        0.12110        0.34800        0.33557        0.00210        0.21931        0.00050        0.87565        0.01808     1317.90210       62.19592     1368.00000    5.37052e+02    2.44888e+03    8.98473e-06    4.10445e-06    1.18396e-05    5.40862e-06    6.63743e-06    3.03215e-06    1.46175e-05    6.67765e-06    5.01515e-06    2.29105e-06    1.29200e-05    5.90216e-06    0.00000e+00    5.97262e-01    7.40859e+02    1.73687e+02    4.35922e+01    4.29319e+01    2.71316e+03
  mc.p5.hnu.350.nodk            350        0.12250        0.35000        0.33554        0.00210        0.22221        0.00050        0.87845        0.01855     1303.84790       66.70312     1453.00000    5.58547e+02    2.51360e+03    9.34435e-06    4.36539e-06    1.20842e-05    5.64534e-06    7.00728e-06    3.27358e-06    1.49001e-05    6.96089e-06    5.35850e-06    2.50333e-06    2.07603e-05    9.69859e-06    8.09062e-07    7.32204e-02    7.57993e+02    1.70002e+02    4.26674e+01    2.44777e+01    3.35752e+03
  mc.p5.hnu.351.nodk            351        0.12320        0.35100        0.33399        0.00210        0.22332        0.00050        0.87845        0.01855     1348.72673       69.90273     1443.00000    5.79218e+02    2.59372e+03    9.69016e-06    4.58052e-06    1.24910e-05    5.90448e-06    7.34804e-06    3.47341e-06    1.52919e-05    7.22847e-06    5.63165e-06    2.66207e-06    1.68816e-05    7.97991e-06    0.00000e+00    7.83477e-02    8.11072e+02    1.81906e+02    4.56552e+01    5.32641e+01    3.60425e+03
  mc.p5.hnu.352.nodk            352        0.12390        0.35200        0.33366        0.00210        0.22409        0.00050        0.88978        0.01758     1361.18663       70.25870     1445.00000    5.82522e+02    2.59945e+03    9.74543e-06    4.66307e-06    1.25366e-05    5.99859e-06    7.34387e-06    3.51395e-06    1.52522e-05    7.29798e-06    5.63670e-06    2.69709e-06    1.60819e-05    7.69500e-06    0.00000e+00    3.82930e-04    7.23082e+02    1.85283e+02    4.65027e+01    3.81413e+01    3.80366e+03
  mc.p5.hnu.353.nodk            353        0.12461        0.35300        0.33303        0.00210        0.22533        0.00050        0.89433        0.01689     1367.94624       71.35994     1439.00000    5.83359e+02    2.58893e+03    9.75945e-06    4.72899e-06    1.25347e-05    6.07375e-06    7.38188e-06    3.57693e-06    1.53101e-05    7.41858e-06    5.68522e-06    2.75480e-06    1.51601e-05    7.34589e-06    0.00000e+00    3.86743e-04    6.67734e+02    1.87128e+02    4.69657e+01    2.72713e+01    4.07453e+03
  mc.p5.hnu.354.nodk            354        0.12532        0.35400        0.33136        0.00210        0.22713        0.00050        0.90130        0.01650     1377.80928       74.80861     1443.00000    6.02000e+02    2.65050e+03    1.00713e-05    4.94419e-06    1.28235e-05    6.29531e-06    7.69656e-06    3.77839e-06    1.56503e-05    7.68302e-06    5.97782e-06    2.93463e-06    1.49808e-05    7.35436e-06    0.00000e+00    3.92340e-04    6.36232e+02    1.89836e+02    4.76454e+01    5.84349e+01    4.52553e+03
  mc.p5.hnu.355.nodk            355        0.12602        0.35500        0.33079        0.00210        0.22845        0.00050        0.90836        0.01633     1351.29495       75.89823     1462.00000    6.06652e+02    2.65552e+03    1.01491e-05    5.05024e-06    1.28853e-05    6.41179e-06    7.77513e-06    3.86893e-06    1.55476e-05    7.73651e-06    6.04989e-06    3.01044e-06    1.83576e-05    9.13480e-06    0.00000e+00    6.78272e-02    5.90155e+02    1.82600e+02    4.58293e+01    5.22332e+01    4.79550e+03
  mc.p5.hnu.356.nodk            356        0.12674        0.35600        0.32861        0.00210        0.22825        0.00050        0.90561        0.01604     1362.67269       76.39596     1507.00000    6.09233e+02    2.66917e+03    1.01923e-05    5.14335e-06    1.29307e-05    6.52522e-06    7.82137e-06    3.94690e-06    1.56691e-05    7.90711e-06    6.09537e-06    3.07591e-06    2.09239e-05    1.05588e-05    1.31574e-07    9.47953e-03    5.82829e+02    1.85688e+02    4.66043e+01    4.25169e+01    4.85421e+03
  mc.p5.hnu.358.nodk            358        0.12816        0.35800        0.32114        0.00190        0.21238        0.00049        0.88083        0.01778     1173.06679       71.96908     1372.00000    6.17761e+02    2.90872e+03    1.03350e-05    5.37240e-06    1.30412e-05    6.77915e-06    7.91388e-06    4.11384e-06    1.57473e-05    8.18584e-06    6.19679e-06    3.22125e-06    2.61729e-05    1.36054e-05    2.70181e-06    7.02504e-03    5.60757e+02    1.37609e+02    3.45373e+01    4.51314e+01    4.33805e+03
  mc.p5.hnu.359.nodk            359        0.12888        0.35900        0.31627        0.00190        0.21169        0.00049        0.88828        0.01780     1169.16988       72.80899     1298.00000    6.24984e+02    2.95233e+03    1.04558e-05    5.52128e-06    1.31705e-05    6.95482e-06    8.02583e-06    4.23811e-06    1.58852e-05    8.38832e-06    6.29717e-06    3.32528e-06    2.07554e-05    1.09601e-05    0.00000e+00    4.02863e-03    5.49069e+02    1.36696e+02    3.43082e+01    3.05516e+01    4.48678e+03
  mc.p5.hnu.360.nodk            360        0.12960        0.36000        0.31084        0.00190        0.21045        0.00049        0.89625        0.01781     1188.84986       75.42978     1234.00000    6.44911e+02    3.06443e+03    1.07892e-05    5.79124e-06    1.35991e-05    7.29951e-06    8.40872e-06    4.51349e-06    1.63291e-05    8.76485e-06    6.59538e-06    3.54016e-06    1.44823e-05    7.77357e-06    0.00000e+00    6.94603e-01    5.58061e+02    1.41336e+02    3.54729e+01    4.79709e+01    4.75359e+03
  mc.p5.hnu.361.nodk            361        0.13032        0.36100        0.30563        0.00190        0.20854        0.00049        0.88393        0.01896     1148.71007       75.56422     1195.00000    6.50518e+02    3.11936e+03    1.08830e-05    5.94193e-06    1.36377e-05    7.44595e-06    8.47844e-06    4.62908e-06    1.63927e-05    8.95012e-06    6.69178e-06    3.65360e-06    1.46910e-05    8.02105e-06    0.00000e+00    6.48491e-01    6.06906e+02    1.31953e+02    3.31180e+01    6.87696e+01    4.71529e+03
  mc.p5.hnu.362.nodk            362        0.13104        0.36200        0.29989        0.00190        0.20711        0.00049        0.90909        0.01704     1150.68405       75.15032     1180.00000    6.52255e+02    3.14934e+03    1.09120e-05    6.06453e-06    1.36859e-05    7.60617e-06    8.49172e-06    4.71940e-06    1.64601e-05    9.14795e-06    6.69593e-06    3.72136e-06    1.33596e-05    7.42479e-06    0.00000e+00    3.08645e+00    4.65068e+02    1.32407e+02    3.32319e+01    9.55956e+01    4.74189e+03
  mc.p5.hnu.363.nodk            363        0.13177        0.36300        0.29370        0.00190        0.20552        0.00048        0.89728        0.01820     1103.47951       73.75409     1187.00000    6.45780e+02    3.14213e+03    1.08037e-05    6.11669e-06    1.35176e-05    7.65317e-06    8.42882e-06    4.77211e-06    1.62313e-05    9.18960e-06    6.66001e-06    3.77067e-06    1.77115e-05    1.00276e-05    0.00000e+00    4.18761e+00    5.00771e+02    1.21767e+02    3.05613e+01    7.13329e+01    4.54591e+03
  mc.p5.hnu.364.nodk            364        0.13250        0.36400        0.28602        0.00170        0.18805        0.00047        0.89619        0.01967      932.87964       63.40278     1038.00000    6.11777e+02    3.25329e+03    1.02349e-05    5.90804e-06    1.30251e-05    7.51870e-06    7.89603e-06    4.55796e-06    1.57255e-05    9.07749e-06    6.13227e-06    3.53983e-06    1.97759e-05    1.14156e-05    0.00000e+00    2.99288e+00    4.19207e+02    8.70264e+01    2.18421e+01    2.16441e+01    3.41603e+03
  mc.p5.hnu.365.nodk            365        0.13322        0.36500        0.27821        0.00170        0.18523        0.00047        0.90036        0.01965      916.20756       61.45879     1036.00000    6.08189e+02    3.28341e+03    1.01748e-05    5.99381e-06    1.29172e-05    7.60931e-06    7.72605e-06    4.55127e-06    1.56596e-05    9.22476e-06    6.01316e-06    3.54224e-06    2.11439e-05    1.24555e-05    3.12236e-07    2.88686e+00    3.99710e+02    8.39436e+01    2.10683e+01    3.20057e+01    3.12822e+03
  mc.p5.hnu.366.nodk            366        0.13396        0.36600        0.26676        0.00170        0.18078        0.00046        0.90780        0.01900      922.93293       62.07808      991.00000    6.24629e+02    3.45527e+03    1.04499e-05    6.28824e-06    1.33529e-05    8.03515e-06    8.02429e-06    4.82864e-06    1.61625e-05    9.72585e-06    6.25612e-06    3.76464e-06    1.69118e-05    1.01767e-05    0.00000e+00    4.23229e+00    3.73296e+02    8.51805e+01    2.13788e+01    6.25523e+01    3.10152e+03
  mc.p5.hnu.367.nodk            367        0.13469        0.36700        0.25728        0.00170        0.17659        0.00046        0.87786        0.02213      840.51168       59.64690      910.00000    6.15801e+02    3.48717e+03    1.03022e-05    6.33954e-06    1.30839e-05    8.05129e-06    7.89365e-06    4.85743e-06    1.58657e-05    9.76310e-06    6.14141e-06    3.77918e-06    1.70168e-05    1.04714e-05    0.00000e+00    1.99483e+00    4.48790e+02    7.06460e+01    1.77309e+01    3.86388e+01    2.84111e+03
  mc.p5.hnu.368.nodk            368        0.13542        0.36800        0.24435        0.00170        0.16974        0.00045        0.88933        0.02169      828.23834       58.10616      847.00000    6.28003e+02    3.69982e+03    1.05063e-05    6.61914e-06    1.34013e-05    8.44304e-06    8.00129e-06    5.04093e-06    1.61963e-05    1.02039e-05    6.19266e-06    3.90147e-06    1.24031e-05    7.81411e-06    0.00000e+00    1.93700e+00    4.08148e+02    6.85979e+01    1.72168e+01    6.02396e+01    2.59941e+03
  mc.p5.hnu.369.nodk            369        0.13616        0.36900        0.23284        0.00150        0.15177        0.00043        0.89326        0.02594      658.09081       47.58348      712.00000    5.86634e+02    3.86531e+03    9.81423e-06    6.33857e-06    1.26125e-05    8.14584e-06    7.32019e-06    4.72778e-06    1.55225e-05    1.00253e-05    5.56716e-06    3.59558e-06    1.58583e-05    1.02421e-05    0.00000e+00    4.46215e-01    3.65254e+02    4.33084e+01    1.08696e+01    2.80545e+01    1.74905e+03
  mc.p5.hnu.370.nodk            370        0.13690        0.37000        0.21950        0.00150        0.14497        0.00042        0.95062        0.02018      664.25626       42.56467      638.00000    5.64481e+02    3.89371e+03    9.44362e-06    6.26150e-06    1.24942e-05    8.28418e-06    6.87112e-06    4.55583e-06    1.54273e-05    1.02289e-05    5.12344e-06    3.39705e-06    6.87112e-06    4.55583e-06    0.00000e+00    9.80774e-03    1.98867e+02    4.41236e+01    1.10742e+01    2.93457e+01    1.43254e+03
  mc.p5.hnu.371.nodk            371        0.13764        0.37100        0.20549        0.00150        0.13939        0.00042        0.91195        0.02562      595.48444       40.78677      564.00000    5.59065e+02    4.01069e+03    9.35300e-06    6.37655e-06    1.22838e-05    8.37469e-06    6.87528e-06    4.68733e-06    1.53367e-05    1.04560e-05    5.11096e-06    3.48447e-06    6.30658e-06    4.29960e-06    0.00000e+00    7.88204e-03    2.79934e+02    3.54602e+01    8.89987e+00    2.42211e+01    1.23301e+03
  mc.p5.hnu.372.nodk            372        0.13838        0.37200        0.19132        0.00150        0.13256        0.00041        0.90411        0.02779      524.32904       37.68131      520.00000    5.46471e+02    4.12241e+03    9.14232e-06    6.42033e-06    1.20999e-05    8.49735e-06    6.65099e-06    4.67076e-06    1.50573e-05    1.05742e-05    4.95717e-06    3.48124e-06    8.64426e-06    6.07056e-06    0.00000e+00    2.80823e-01    2.59684e+02    2.74921e+01    6.90002e+00    1.73140e+01    1.05947e+03
  mc.p5.hnu.373.nodk            373        0.13913        0.37300        0.17568        0.00150        0.12417        0.00040        0.92593        0.02627      481.39480       33.89783      503.00000    5.33858e+02    4.29944e+03    8.93130e-06    6.47366e-06    1.19566e-05    8.66645e-06    6.40626e-06    4.64343e-06    1.49816e-05    1.08591e-05    4.72191e-06    3.42257e-06    1.19566e-05    8.66645e-06    0.00000e+00    2.36716e-01    1.86583e+02    2.31741e+01    5.81628e+00    9.24414e+00    8.94561e+02
  mc.p5.hnu.374.nodk            374        0.13988        0.37400        0.15902        0.00130        0.10510        0.00037        0.91667        0.03342      381.92935       29.70021      428.00000    5.50089e+02    5.23385e+03    9.20285e-06    6.90045e-06    1.24602e-05    9.34287e-06    6.63869e-06    4.97779e-06    1.57181e-05    1.17857e-05    4.84374e-06    3.63191e-06    1.68582e-05    1.26405e-05    0.00000e+00    1.36471e-06    1.93939e+02    1.45870e+01    3.66108e+00    9.16119e+00    6.42126e+02
  mc.p5.hnu.375.nodk            375        0.14062        0.37500        0.13956        0.00130        0.09466        0.00035        0.92208        0.03706      349.69443       30.17496      364.00000    6.12108e+02    6.46641e+03    1.02404e-05    7.96381e-06    1.36770e-05    1.06364e-05    7.38075e-06    5.73990e-06    1.71136e-05    1.33090e-05    5.54139e-06    4.30946e-06    1.29534e-05    1.00737e-05    0.00000e+00    3.28351e-01    1.97526e+02    1.22286e+01    3.06916e+00    2.88175e+01    6.11849e+02
  mc.p5.hnu.376.nodk            376        0.14138        0.37600        0.12050        0.00130        0.08419        0.00033        0.91549        0.04004      287.64943       27.35807      291.00000    6.24053e+02    7.41213e+03    1.04402e-05    8.44636e-06    1.39056e-05    1.12499e-05    7.55022e-06    6.10827e-06    1.73709e-05    1.40534e-05    5.59660e-06    4.52776e-06    1.12551e-05    9.10560e-06    0.00000e+00    2.22171e-01    1.58248e+02    8.27422e+00    2.07668e+00    1.84510e+01    5.12343e+02
  mc.p5.hnu.377.nodk            377        0.14213        0.37700        0.09998        0.00130        0.07125        0.00031        0.88679        0.05274      234.30049       27.43447      241.00000    7.24039e+02    1.01619e+04    1.21130e-05    1.02305e-05    1.57292e-05    1.32847e-05    8.85201e-06    7.47631e-06    1.93448e-05    1.63384e-05    6.72594e-06    5.68065e-06    1.38005e-05    1.16558e-05    0.00000e+00    1.07496e-01    1.94135e+02    5.48967e+00    1.37781e+00    2.39997e+01    4.76679e+02
  mc.p5.hnu.378.nodk            378        0.14288        0.37800        0.08046        0.00110        0.05368        0.00027        0.84615        0.06993      149.72231       21.47915      169.00000    7.48013e+02    1.39358e+04    1.25141e-05    1.10802e-05    1.63803e-05    1.45035e-05    9.25918e-06    8.19829e-06    2.05694e-05    1.82126e-05    6.98039e-06    6.18060e-06    1.89584e-05    1.67862e-05    0.00000e+00    4.38953e-02    1.53091e+02    2.24168e+00    5.62621e-01    8.76968e+00    2.76912e+02
  mc.p5.hnu.379.nodk            379        0.14364        0.37900        0.06314        0.00110        0.04303        0.00024        0.96000        0.05958      121.12892       16.33107      115.00000    7.56573e+02    1.75834e+04    1.26573e-05    1.18085e-05    1.71183e-05    1.59704e-05    8.93487e-06    8.33572e-06    2.15766e-05    2.01297e-05    6.47211e-06    6.03811e-06    1.04513e-05    9.75042e-06    0.00000e+00    1.07812e-02    5.65201e+01    1.46722e+00    3.68246e-01    5.83295e+00    1.94022e+02
