             channel           mass           mean     sqrt(mean)       full_acc          width      final_acc  final_acc_err       trig_eff       trig_err             bg         bg_err         dt_obs     ul_acc_sig    ul_orig_sig          ul_br          ul_u2    high1_ul_br    high1_ul_u2     low1_ul_br     low1_ul_u2    high2_ul_br    high2_ul_u2     low2_ul_br     low2_ul_u2       dt_ul_br       dt_ul_u2       dt_ll_u2       err_scat       err_trig        err_muv       err_flux     err_hscale       err_hval
  mc.p5.hnu.250.nodk            250        0.06250        0.25000        0.29153        0.00390        0.19368        0.00047        0.89980        0.01444     1824.30752      146.97670     1806.00000    1.29863e+03    6.70501e+03    2.17258e-05    7.56515e-06    2.54600e-05    8.86546e-06    1.83112e-05    6.37615e-06    2.91075e-05    1.01356e-05    1.55019e-05    5.39794e-06    2.02200e-05    7.04082e-06    0.00000e+00    1.46247e+04    8.57631e+02    3.32810e+02    8.35293e+01    6.08736e+01    4.22848e+02
  mc.p5.hnu.252.nodk            252        0.06350        0.25200        0.29378        0.00390        0.19659        0.00048        0.90909        0.01377     1837.75564      132.51198     1822.00000    1.16186e+03    5.90996e+03    1.94376e-05    6.74529e-06    2.31185e-05    8.02265e-06    1.61094e-05    5.59034e-06    2.67994e-05    9.30002e-06    1.34855e-05    4.67978e-06    1.81995e-05    6.31564e-06    0.00000e+00    1.17782e+04    7.74950e+02    3.37735e+02    8.47653e+01    4.66893e+01    3.70820e+02
  mc.p5.hnu.254.nodk            254        0.06452        0.25400        0.29308        0.00390        0.19685        0.00048        0.90711        0.01389     1855.97122      124.96750     1807.00000    1.10008e+03    5.58853e+03    1.84041e-05    6.36652e-06    2.21668e-05    7.66816e-06    1.51013e-05    5.22398e-06    2.58442e-05    8.94028e-06    1.24766e-05    4.31602e-06    1.47627e-05    5.10685e-06    0.00000e+00    9.33377e+03    8.08160e+02    3.44463e+02    8.64540e+01    5.07947e+01    3.88199e+02
  mc.p5.hnu.255.nodk            255        0.06502        0.25500        0.29348        0.00370        0.19095        0.00047        0.91093        0.01383     1773.88391      120.22162     1727.00000    1.09317e+03    5.72481e+03    1.82884e-05    6.31715e-06    2.20801e-05    7.62687e-06    1.49659e-05    5.16950e-06    2.57837e-05    8.90616e-06    1.23345e-05    4.26055e-06    1.46868e-05    5.07310e-06    0.00000e+00    8.52638e+03    7.25401e+02    3.14666e+02    7.89756e+01    4.56946e+01    3.72369e+02
  mc.p5.hnu.257.nodk            257        0.06605        0.25700        0.29452        0.00370        0.19269        0.00047        0.92308        0.01301     1825.66507      121.48269     1726.00000    1.09636e+03    5.68987e+03    1.83418e-05    6.31815e-06    2.20991e-05    7.61242e-06    1.49717e-05    5.15726e-06    2.58565e-05    8.90672e-06    1.23655e-05    4.25951e-06    1.16311e-05    4.00655e-06    0.00000e+00    8.74571e+03    6.61827e+02    3.33305e+02    8.36537e+01    4.68150e+01    3.72823e+02
  mc.p5.hnu.258.nodk            258        0.06656        0.25800        0.29610        0.00370        0.19402        0.00047        0.91165        0.01372     1817.75837      126.21458     1695.00000    1.12599e+03    5.80353e+03    1.88375e-05    6.48060e-06    2.25682e-05    7.76406e-06    1.55502e-05    5.34969e-06    2.62990e-05    9.04756e-06    1.28617e-05    4.42477e-06    1.10245e-05    3.79274e-06    0.00000e+00    8.67012e+03    7.48928e+02    3.30425e+02    8.29307e+01    6.10076e+01    4.29720e+02
  mc.p5.hnu.259.nodk            259        0.06708        0.25900        0.29509        0.00370        0.19373        0.00047        0.90613        0.01372     1823.26844      122.78184     1719.00000    1.10281e+03    5.69246e+03    1.84498e-05    6.33955e-06    2.20998e-05    7.59372e-06    1.50878e-05    5.18434e-06    2.58366e-05    8.87775e-06    1.24263e-05    4.26981e-06    1.14968e-05    3.95043e-06    0.00000e+00    7.39881e+03    7.62656e+02    3.32431e+02    8.34342e+01    6.77197e+01    4.49186e+02
  mc.p5.hnu.260.nodk            260        0.06760        0.26000        0.29638        0.00370        0.19585        0.00048        0.89961        0.01417     1824.01553      125.69493     1746.00000    1.11534e+03    5.69496e+03    1.86594e-05    6.40425e-06    2.22695e-05    7.64331e-06    1.53224e-05    5.25893e-06    2.59655e-05    8.91185e-06    1.26662e-05    4.34726e-06    1.31127e-05    4.50051e-06    0.00000e+00    7.40487e+03    8.25393e+02    3.32703e+02    8.35026e+01    7.80008e+01    4.77493e+02
  mc.p5.hnu.261.nodk            261        0.06812        0.26100        0.29695        0.00370        0.19677        0.00048        0.89796        0.01397     1833.35145      121.32244     1769.00000    1.07419e+03    5.45909e+03    1.79709e-05    6.16131e-06    2.16503e-05    7.42282e-06    1.46658e-05    5.02817e-06    2.52442e-05    8.65497e-06    1.20565e-05    4.13356e-06    1.33100e-05    4.56332e-06    0.00000e+00    6.62069e+03    8.13082e+02    3.36118e+02    8.43595e+01    7.29297e+01    4.64535e+02
  mc.p5.hnu.262.nodk            262        0.06864        0.26200        0.29719        0.00370        0.19725        0.00048        0.90182        0.01360     1840.10430      117.75196     1775.00000    1.04508e+03    5.29836e+03    1.74840e-05    5.98835e-06    2.11551e-05    7.24574e-06    1.41917e-05    4.86074e-06    2.47409e-05    8.47389e-06    1.16100e-05    3.97650e-06    1.27879e-05    4.37992e-06    0.00000e+00    6.66955e+03    7.69841e+02    3.38598e+02    8.49821e+01    6.29788e+01    4.32296e+02
  mc.p5.hnu.263.nodk            263        0.06917        0.26300        0.29708        0.00370        0.19766        0.00048        0.90357        0.01337     1844.06196      118.36803     1806.00000    1.04806e+03    5.30232e+03    1.75338e-05    5.99979e-06    2.11971e-05    7.25331e-06    1.42460e-05    4.87476e-06    2.47752e-05    8.47771e-06    1.16645e-05    3.99141e-06    1.45903e-05    4.99259e-06    0.00000e+00    6.69827e+03    7.44283e+02    3.40056e+02    8.53481e+01    6.69956e+01    4.41256e+02
  mc.p5.hnu.264.nodk            264        0.06970        0.26400        0.29729        0.00370        0.19751        0.00048        0.89624        0.01379     1837.43571      117.21932     1832.00000    1.03775e+03    5.25418e+03    1.73613e-05    5.93562e-06    2.10277e-05    7.18912e-06    1.40806e-05    4.81400e-06    2.46941e-05    8.44261e-06    1.15115e-05    3.93564e-06    1.69410e-05    5.79195e-06    0.00000e+00    6.60822e+03    7.99543e+02    3.37617e+02    8.47358e+01    6.42445e+01    4.31896e+02
  mc.p5.hnu.265.nodk            265        0.07023        0.26500        0.29778        0.00370        0.19942        0.00048        0.90179        0.01347     1870.00937      119.05458     1886.00000    1.04524e+03    5.24135e+03    1.74865e-05    5.97368e-06    2.11174e-05    7.21406e-06    1.41577e-05    4.83649e-06    2.47483e-05    8.45443e-06    1.16077e-05    3.96538e-06    1.88376e-05    6.43522e-06    0.00000e+00    6.84459e+03    7.80204e+02    3.49694e+02    8.77668e+01    6.45332e+01    4.33526e+02
  mc.p5.hnu.266.nodk            266        0.07076        0.26600        0.29824        0.00370        0.19988        0.00048        0.91241        0.01299     1899.07907      115.42284     1891.00000    1.01546e+03    5.08034e+03    1.69883e-05    5.79928e-06    2.06115e-05    7.03613e-06    1.36778e-05    4.66916e-06    2.43190e-05    8.30173e-06    1.11092e-05    3.79234e-06    1.63277e-05    5.57377e-06    0.00000e+00    5.93419e+03    7.31212e+02    3.60650e+02    9.05167e+01    6.41404e+01    4.33091e+02
  mc.p5.hnu.267.nodk            267        0.07129        0.26700        0.29914        0.00370        0.20065        0.00048        0.91971        0.01253     1912.19404      112.90526     1887.00000    9.92173e+02    4.94481e+03    1.65988e-05    5.66260e-06    2.02086e-05    6.89406e-06    1.33100e-05    4.54063e-06    2.39023e-05    8.15414e-06    1.07720e-05    3.67481e-06    1.46326e-05    4.99186e-06    0.00000e+00    6.01643e+03    6.78184e+02    3.65649e+02    9.17713e+01    5.73469e+01    4.10275e+02
  mc.p5.hnu.268.nodk            268        0.07182        0.26800        0.29923        0.00370        0.20190        0.00048        0.92015        0.01277     1929.09513      108.09019     1876.00000    9.50673e+02    4.70854e+03    1.59045e-05    5.42259e-06    1.95762e-05    6.67444e-06    1.26482e-05    4.31236e-06    2.31644e-05    7.89784e-06    1.01622e-05    3.46478e-06    1.20807e-05    4.11888e-06    0.00000e+00    4.86556e+03    7.17228e+02    3.72141e+02    9.34007e+01    5.73959e+01    4.08326e+02
  mc.p5.hnu.269.nodk            269        0.07236        0.26900        0.29969        0.00350        0.19522        0.00048        0.91129        0.01378     1827.16164      105.97927     1815.00000    9.62640e+02    4.93094e+03    1.61047e-05    5.48805e-06    1.97300e-05    6.72344e-06    1.28135e-05    4.36648e-06    2.34417e-05    7.98829e-06    1.02992e-05    3.50968e-06    1.51027e-05    5.14658e-06    0.00000e+00    4.36495e+03    7.63122e+02    3.33852e+02    8.37909e+01    5.99695e+01    4.08342e+02
  mc.p5.hnu.270.nodk            270        0.07290        0.27000        0.30011        0.00350        0.19592        0.00048        0.91042        0.01408     1832.55896      105.62056     1777.00000    9.54577e+02    4.87218e+03    1.59698e-05    5.43970e-06    1.96682e-05    6.69945e-06    1.26989e-05    4.32555e-06    2.33665e-05    7.95920e-06    1.02031e-05    3.47541e-06    1.19295e-05    4.06346e-06    0.00000e+00    4.39077e+03    8.03199e+02    3.35827e+02    8.42866e+01    5.90819e+01    4.04491e+02
  mc.p5.hnu.271.nodk            271        0.07344        0.27100        0.29964        0.00350        0.19595        0.00048        0.91411        0.01370     1863.89559      108.11928     1781.00000    9.73299e+02    4.96701e+03    1.62830e-05    5.54438e-06    2.00662e-05    6.83253e-06    1.30106e-05    4.43010e-06    2.37634e-05    8.09145e-06    1.04985e-05    3.57476e-06    1.07034e-05    3.64452e-06    0.00000e+00    4.17737e+03    7.80057e+02    3.47411e+02    8.71939e+01    7.07207e+01    4.36205e+02
  mc.p5.hnu.272.nodk            272        0.07398        0.27200        0.30022        0.00350        0.19700        0.00048        0.90335        0.01411     1841.10213      108.76144     1783.00000    9.76324e+02    4.95594e+03    1.63336e-05    5.55999e-06    2.00111e-05    6.81182e-06    1.30622e-05    4.44639e-06    2.36031e-05    8.03453e-06    1.05462e-05    3.58995e-06    1.21043e-05    4.12034e-06    0.00000e+00    4.07582e+03    8.26985e+02    3.38966e+02    8.50743e+01    7.30595e+01    4.36418e+02
  mc.p5.hnu.275.nodk            275        0.07563        0.27500        0.30148        0.00350        0.19931        0.00048        0.89414        0.01432     1888.63703      122.22794     1849.00000    1.06788e+03    5.35791e+03    1.78654e-05    6.07887e-06    2.15821e-05    7.34352e-06    1.46043e-05    4.96925e-06    2.52145e-05    8.57946e-06    1.19721e-05    4.07362e-06    1.48778e-05    5.06229e-06    0.00000e+00    3.78939e+03    9.15047e+02    3.56695e+02    8.95241e+01    1.03420e+02    5.37265e+02
  mc.p5.hnu.276.nodk            276        0.07618        0.27600        0.30212        0.00350        0.20006        0.00048        0.89286        0.01435     1892.29797      120.17573     1850.00000    1.04985e+03    5.24771e+03    1.75637e-05    5.97627e-06    2.11827e-05    7.20769e-06    1.42471e-05    4.84777e-06    2.48860e-05    8.46778e-06    1.17010e-05    3.98142e-06    1.43815e-05    4.89351e-06    0.00000e+00    3.24409e+03    9.24798e+02    3.58079e+02    8.98715e+01    9.99185e+01    5.38184e+02
  mc.p5.hnu.277.nodk            277        0.07673        0.27700        0.30185        0.00350        0.20136        0.00048        0.90304        0.01385     1929.56175      121.39458     1831.00000    1.05228e+03    5.22579e+03    1.76043e-05    5.99065e-06    2.12832e-05    7.24256e-06    1.43102e-05    4.86967e-06    2.49623e-05    8.49452e-06    1.17233e-05    3.98937e-06    1.12234e-05    3.81927e-06    0.00000e+00    3.02511e+03    8.76256e+02    3.72321e+02    9.34459e+01    1.04601e+02    5.58056e+02
  mc.p5.hnu.278.nodk            278        0.07728        0.27800        0.30261        0.00350        0.20207        0.00048        0.88889        0.01485     1890.50247      112.74383     1850.00000    9.81732e+02    4.85849e+03    1.64241e-05    5.58997e-06    2.00085e-05    6.80992e-06    1.32299e-05    4.50282e-06    2.36764e-05    8.05828e-06    1.07008e-05    3.64204e-06    1.34284e-05    4.57039e-06    0.00000e+00    2.90388e+03    9.97302e+02    3.57400e+02    8.97010e+01    8.27720e+01    5.02612e+02
  mc.p5.hnu.279.nodk            279        0.07784        0.27900        0.30385        0.00350        0.20355        0.00048        0.89600        0.01465     1913.47286      108.62859     1842.00000    9.44606e+02    4.64067e+03    1.58030e-05    5.37990e-06    1.94448e-05    6.61971e-06    1.25785e-05    4.28217e-06    2.30040e-05    7.83137e-06    1.01149e-05    3.44347e-06    1.09842e-05    3.73941e-06    0.00000e+00    2.97487e+03    9.79016e+02    3.66138e+02    9.18941e+01    7.62648e+01    4.82234e+02
  mc.p5.hnu.280.nodk            280        0.07840        0.28000        0.30338        0.00350        0.20428        0.00048        0.88800        0.01510     1889.92361      103.74802     1846.00000    9.01883e+02    4.41496e+03    1.50883e-05    5.13825e-06    1.87181e-05    6.37437e-06    1.19628e-05    4.07388e-06    2.22655e-05    7.58244e-06    9.54076e-06    3.24907e-06    1.19628e-05    4.07388e-06    0.00000e+00    2.62864e+03    1.03306e+03    3.57181e+02    8.96461e+01    6.82991e+01    4.58781e+02
  mc.p5.hnu.281.nodk            281        0.07896        0.28100        0.30366        0.00350        0.20517        0.00048        0.88757        0.01501     1895.01344      102.68466     1866.00000    8.94771e+02    4.36118e+03    1.49693e-05    5.09981e-06    1.85017e-05    6.30326e-06    1.17805e-05    4.01344e-06    2.21162e-05    7.53465e-06    9.37931e-06    3.19539e-06    1.27734e-05    4.35170e-06    0.00000e+00    2.64282e+03    1.02751e+03    3.59108e+02    9.01296e+01    6.26273e+01    4.48465e+02
  mc.p5.hnu.282.nodk            282        0.07952        0.28200        0.30453        0.00330        0.19798        0.00048        0.88961        0.01566     1783.29308       95.49832     1755.00000    8.66805e+02    4.37829e+03    1.45014e-05    4.94282e-06    1.80787e-05    6.16213e-06    1.13589e-05    3.87170e-06    2.16559e-05    7.38143e-06    8.96015e-06    3.05408e-06    1.23126e-05    4.19676e-06    0.00000e+00    1.95809e+03    9.85440e+02    3.18013e+02    7.98157e+01    5.61091e+01    4.27912e+02
  mc.p5.hnu.283.nodk            283        0.08009        0.28300        0.30474        0.00350        0.20634        0.00049        0.87398        0.01597     1858.84618      100.71258     1873.00000    8.69896e+02    4.21593e+03    1.45531e-05    4.96327e-06    1.80657e-05    6.16122e-06    1.14676e-05    3.91098e-06    2.16603e-05    7.38715e-06    9.14215e-06    3.11788e-06    1.57783e-05    5.38111e-06    0.00000e+00    2.12753e+03    1.15424e+03    3.45531e+02    8.67221e+01    6.30780e+01    4.59911e+02
  mc.p5.hnu.284.nodk            284        0.08066        0.28400        0.30494        0.00330        0.19951        0.00048        0.87815        0.01604     1779.49236      101.74864     1808.00000    9.06298e+02    4.54266e+03    1.51621e-05    5.17434e-06    1.87104e-05    6.38526e-06    1.20270e-05    4.10443e-06    2.22588e-05    7.59621e-06    9.64233e-06    3.29061e-06    1.76121e-05    6.01044e-06    0.00000e+00    1.94976e+03    1.05645e+03    3.16659e+02    7.94758e+01    7.03741e+01    4.95051e+02
  mc.p5.hnu.285.nodk            285        0.08123        0.28500        0.30565        0.00330        0.20083        0.00048        0.87448        0.01620     1780.23522      100.63472     1846.00000    8.93259e+02    4.44791e+03    1.49440e-05    5.10365e-06    1.84692e-05    6.30758e-06    1.18280e-05    4.03949e-06    2.19947e-05    7.51159e-06    9.41600e-06    3.21574e-06    2.04837e-05    6.99556e-06    0.00000e+00    1.77812e+03    1.08704e+03    3.16924e+02    7.95422e+01    6.75393e+01    5.00477e+02
  mc.p5.hnu.286.nodk            286        0.08180        0.28600        0.30578        0.00330        0.20159        0.00048        0.87421        0.01623     1770.78021       97.61663     1844.00000    8.64177e+02    4.28684e+03    1.44574e-05    4.94153e-06    1.79700e-05    6.14212e-06    1.13738e-05    3.88755e-06    2.14827e-05    7.34275e-06    9.05443e-06    3.09479e-06    2.06463e-05    7.05688e-06    0.00000e+00    1.64864e+03    1.08038e+03    3.13566e+02    7.86995e+01    6.64762e+01    5.09282e+02
  mc.p5.hnu.287.nodk            287        0.08237        0.28700        0.30588        0.00330        0.20236        0.00048        0.88470        0.01567     1811.17076       98.76125     1846.00000    8.73991e+02    4.31900e+03    1.46216e-05    5.00218e-06    1.81206e-05    6.19920e-06    1.14697e-05    3.92387e-06    2.17029e-05    7.42473e-06    9.15378e-06    3.13158e-06    1.75374e-05    5.99969e-06    0.00000e+00    1.72471e+03    1.02905e+03    3.28034e+02    8.23307e+01    7.26049e+01    5.36795e+02
  mc.p5.hnu.288.nodk            288        0.08294        0.28800        0.30735        0.00330        0.20421        0.00048        0.89727        0.01495     1839.29815       96.93759     1866.00000    8.53065e+02    4.17737e+03    1.42715e-05    4.88725e-06    1.78218e-05    6.10304e-06    1.11565e-05    3.82050e-06    2.13721e-05    7.31880e-06    8.83208e-06    3.02452e-06    1.65008e-05    5.65066e-06    0.00000e+00    1.77869e+03    9.39034e+02    3.38302e+02    8.49077e+01    6.69196e+01    5.32704e+02
  mc.p5.hnu.289.nodk            289        0.08352        0.28900        0.30742        0.00330        0.20476        0.00048        0.90060        0.01434     1847.19562       93.42474     1885.00000    8.25895e+02    4.03340e+03    1.38170e-05    4.73670e-06    1.73586e-05    5.95081e-06    1.07204e-05    3.67515e-06    2.09000e-05    7.16488e-06    8.43265e-06    2.89085e-06    1.69468e-05    5.80964e-06    0.00000e+00    1.56498e+03    8.64559e+02    3.41213e+02    8.56384e+01    5.90847e+01    5.26690e+02
  mc.p5.hnu.290.nodk            290        0.08410        0.29000        0.30851        0.00330        0.20647        0.00049        0.91159        0.01357     1873.01939       94.47683     1915.00000    8.28557e+02    4.01305e+03    1.38615e-05    4.75752e-06    1.73736e-05    5.96290e-06    1.07212e-05    3.67969e-06    2.08855e-05    7.16828e-06    8.45501e-06    2.90190e-06    1.72919e-05    5.93487e-06    0.00000e+00    1.60904e+03    7.77231e+02    3.50820e+02    8.80496e+01    5.76217e+01    5.31695e+02
  mc.p5.hnu.291.nodk            291        0.08468        0.29100        0.30837        0.00330        0.20664        0.00049        0.91194        0.01352     1863.44304       88.86847     1903.00000    7.85110e+02    3.79937e+03    1.31347e-05    4.51371e-06    1.66452e-05    5.72009e-06    1.00878e-05    3.46666e-06    2.01556e-05    6.92644e-06    7.86796e-06    2.70381e-06    1.64002e-05    5.63592e-06    0.00000e+00    1.38133e+03    7.62992e+02    3.47242e+02    8.71515e+01    4.92910e+01    5.16814e+02
  mc.p5.hnu.292.nodk            292        0.08526        0.29200        0.30951        0.00330        0.20860        0.00049        0.91650        0.01316     1885.22504       88.40654     1902.00000    7.76416e+02    3.72208e+03    1.29892e-05    4.46975e-06    1.64669e-05    5.66646e-06    9.90783e-06    3.40940e-06    2.00254e-05    6.89098e-06    7.72544e-06    2.65841e-06    1.43642e-05    4.94287e-06    0.00000e+00    1.41381e+03    7.33308e+02    3.55407e+02    8.92009e+01    4.73139e+01    5.30132e+02
  mc.p5.hnu.293.nodk            293        0.08585        0.29300        0.30996        0.00330        0.20982        0.00049        0.91396        0.01322     1887.77033       86.82220     1840.00000    7.58272e+02    3.61389e+03    1.26857e-05    4.37158e-06    1.62238e-05    5.59082e-06    9.69911e-06    3.34238e-06    1.96815e-05    6.78238e-06    7.49535e-06    2.58295e-06    9.46574e-06    3.26196e-06    0.00000e+00    1.23417e+03    7.45801e+02    3.56368e+02    8.94419e+01    4.78912e+01    5.34417e+02
  mc.p5.hnu.294.nodk            294        0.08644        0.29400        0.30972        0.00330        0.20990        0.00049        0.90600        0.01405     1878.37110       91.38785     1821.00000    7.91614e+02    3.77134e+03    1.32435e-05    4.57079e-06    1.66987e-05    5.76331e-06    1.02328e-05    3.53170e-06    2.02343e-05    6.98357e-06    7.97809e-06    2.75352e-06    9.43240e-06    3.25545e-06    0.00000e+00    1.22191e+03    8.48858e+02    3.52828e+02    8.85535e+01    5.39258e+01    5.75543e+02
  mc.p5.hnu.295.nodk            295        0.08702        0.29500        0.30936        0.00310        0.20222        0.00048        0.89522        0.01576     1750.48818       89.93318     1685.00000    8.05163e+02    3.98153e+03    1.34702e-05    4.65658e-06    1.69737e-05    5.86774e-06    1.04181e-05    3.60150e-06    2.04773e-05    7.07891e-06    8.17338e-06    2.82550e-06    9.09889e-06    3.14545e-06    0.00000e+00    9.07292e+02    9.49185e+02    3.06421e+02    7.69062e+01    5.52560e+01    5.77484e+02
  mc.p5.hnu.299.nodk            299        0.08940        0.29900        0.31194        0.00310        0.20537        0.00048        0.89165        0.01589     1762.30306       86.90530     1760.00000    7.72343e+02    3.76068e+03    1.29211e-05    4.50023e-06    1.63718e-05    5.70205e-06    9.92321e-06    3.45611e-06    1.98224e-05    6.90386e-06    7.73865e-06    2.69526e-06    1.27580e-05    4.44345e-06    0.00000e+00    7.53990e+02    9.86940e+02    3.10571e+02    7.79478e+01    4.97061e+01    6.69751e+02
  mc.p5.hnu.300.nodk            300        0.09000        0.30000        0.31214        0.00310        0.20799        0.00049        0.88889        0.01576     1741.50114       79.25606     1752.00000    7.06884e+02    3.39864e+03    1.18260e-05    4.12754e-06    1.52355e-05    5.31753e-06    8.90171e-06    3.10690e-06    1.85638e-05    6.47919e-06    6.86934e-06    2.39755e-06    1.27190e-05    4.43920e-06    0.00000e+00    7.36295e+02    9.52924e+02    3.03283e+02    7.61185e+01    3.86179e+01    6.43578e+02
  mc.p5.hnu.301.nodk            301        0.09060        0.30100        0.31319        0.00310        0.20878        0.00049        0.89059        0.01569     1749.21829       78.30057     1734.00000    6.99274e+02    3.34928e+03    1.16987e-05    4.09216e-06    1.50956e-05    5.28041e-06    8.78317e-06    3.07232e-06    1.84116e-05    6.44030e-06    6.72242e-06    2.35148e-06    1.05491e-05    3.69003e-06    0.00000e+00    7.42835e+02    9.50208e+02    3.05976e+02    7.67946e+01    3.47137e+01    6.22396e+02
  mc.p5.hnu.302.nodk            302        0.09120        0.30200        0.31303        0.00310        0.20948        0.00049        0.88285        0.01575     1723.87061       68.72111     1751.00000    6.27421e+02    2.99512e+03    1.04966e-05    3.68020e-06    1.38853e-05    4.86830e-06    7.70837e-06    2.70262e-06    1.71934e-05    6.02814e-06    5.76043e-06    2.01966e-06    1.27557e-05    4.47224e-06    0.00000e+00    5.89595e+02    9.46164e+02    2.97173e+02    7.45851e+01    2.41396e+01    5.48279e+02
  mc.p5.hnu.304.nodk            304        0.09242        0.30400        0.31395        0.00310        0.21179        0.00049        0.88911        0.01496     1747.40229       73.19713     1773.00000    6.53797e+02    3.08701e+03    1.09378e-05    3.85395e-06    1.42881e-05    5.03443e-06    8.09072e-06    2.85076e-06    1.76384e-05    6.21488e-06    6.11927e-06    2.15613e-06    1.30118e-05    4.58472e-06    0.00000e+00    5.27418e+02    8.64599e+02    3.05341e+02    7.66353e+01    2.99919e+01    6.33071e+02
  mc.p5.hnu.305.nodk            305        0.09302        0.30500        0.31450        0.00310        0.21363        0.00049        0.88212        0.01527     1737.58650       70.79737     1780.00000    6.30903e+02    2.95322e+03    1.05548e-05    3.72883e-06    1.38771e-05    4.90251e-06    7.74821e-06    2.73730e-06    1.71201e-05    6.04822e-06    5.86294e-06    2.07127e-06    1.39562e-05    4.93046e-06    0.00000e+00    5.21509e+02    9.05029e+02    3.01921e+02    7.57767e+01    2.65184e+01    6.36597e+02
  mc.p5.hnu.306.nodk            306        0.09364        0.30600        0.31518        0.00310        0.21436        0.00049        0.88063        0.01532     1742.98033       75.43638     1798.00000    6.57983e+02    3.06953e+03    1.10079e-05    3.89958e-06    1.43170e-05    5.07185e-06    8.25394e-06    2.92399e-06    1.76263e-05    6.24420e-06    6.27397e-06    2.22258e-06    1.54201e-05    5.46264e-06    0.00000e+00    4.64450e+02    9.19261e+02    3.03798e+02    7.62479e+01    3.39549e+01    6.73540e+02
  mc.p5.hnu.307.nodk            307        0.09425        0.30700        0.31513        0.00290        0.20585        0.00048        0.88125        0.01580     1646.92015       76.37020     1668.00000    6.87538e+02    3.34004e+03    1.15023e-05    4.08641e-06    1.48662e-05    5.28149e-06    8.69091e-06    3.08761e-06    1.82302e-05    6.47663e-06    6.64678e-06    2.36139e-06    1.33072e-05    4.72763e-06    0.00000e+00    3.26888e+02    8.72323e+02    2.71235e+02    6.80750e+01    3.79834e+01    7.07035e+02
  mc.p5.hnu.308.nodk            308        0.09486        0.30800        0.31597        0.00290        0.20679        0.00049        0.87342        0.01632     1639.19599       71.53044     1665.00000    6.53909e+02    3.16220e+03    1.09397e-05    3.89812e-06    1.42085e-05    5.06288e-06    8.08822e-06    2.88205e-06    1.75589e-05    6.25671e-06    6.15370e-06    2.19273e-06    1.30644e-05    4.65518e-06    0.00000e+00    3.23829e+02    9.38427e+02    2.68696e+02    6.74380e+01    2.96052e+01    6.73651e+02
  mc.p5.hnu.309.nodk            309        0.09548        0.30900        0.31590        0.00290        0.20795        0.00049        0.88323        0.01586     1670.91819       78.87386     1665.00000    6.99192e+02    3.36238e+03    1.16973e-05    4.18096e-06    1.50264e-05    5.37090e-06    8.90303e-06    3.18221e-06    1.83557e-05    6.56087e-06    6.85091e-06    2.44872e-06    1.13007e-05    4.03919e-06    0.00000e+00    3.36484e+02    8.99865e+02    2.79197e+02    7.00734e+01    3.98532e+01    7.53676e+02
  mc.p5.hnu.310.nodk            310        0.09610        0.31000        0.31761        0.00290        0.21024        0.00049        0.90405        0.01467     1724.75136       85.03706     1678.00000    7.37659e+02    3.50870e+03    1.23408e-05    4.42515e-06    1.57122e-05    5.63404e-06    9.48896e-06    3.40253e-06    1.90033e-05    6.81417e-06    7.36591e-06    2.64125e-06    9.19690e-06    3.29781e-06    0.00000e+00    4.20318e+02    7.83010e+02    2.97477e+02    7.46613e+01    4.99966e+01    8.15900e+02
  mc.p5.hnu.311.nodk            311        0.09672        0.31100        0.31876        0.00290        0.21173        0.00049        0.90377        0.01454     1720.94998       84.92087     1663.00000    7.30559e+02    3.45046e+03    1.22221e-05    4.39717e-06    1.55696e-05    5.60152e-06    9.39476e-06    3.37998e-06    1.88376e-05    6.77725e-06    7.29142e-06    2.62326e-06    8.50771e-06    3.06085e-06    0.00000e+00    4.45215e+02    7.66194e+02    2.96167e+02    7.43326e+01    4.89552e+01    8.19299e+02
  mc.p5.hnu.312.nodk            312        0.09734        0.31200        0.31901        0.00290        0.21317        0.00049        0.89407        0.01522     1719.78994       85.17538     1707.00000    7.28080e+02    3.41550e+03    1.21806e-05    4.39740e-06    1.55055e-05    5.59775e-06    9.36834e-06    3.38212e-06    1.87513e-05    6.76954e-06    7.27408e-06    2.62606e-06    1.12717e-05    4.06927e-06    0.00000e+00    4.44615e+02    8.57561e+02    2.95768e+02    7.42324e+01    5.02404e+01    8.01903e+02
  mc.p5.hnu.313.nodk            313        0.09797        0.31300        0.31804        0.00290        0.21309        0.00049        0.89706        0.01498     1717.68494       82.44045     1677.00000    7.09874e+02    3.33128e+03    1.18760e-05    4.30278e-06    1.52029e-05    5.50814e-06    9.07104e-06    3.28652e-06    1.84506e-05    6.68482e-06    7.00162e-06    2.53675e-06    9.12960e-06    3.30774e-06    0.00000e+00    4.43527e+02    8.22614e+02    2.95044e+02    7.40508e+01    4.52054e+01    8.02088e+02
  mc.p5.hnu.314.nodk            314        0.09860        0.31400        0.31826        0.00290        0.21441        0.00049        0.88110        0.01597     1671.66309       75.94593     1720.00000    6.59518e+02    3.07591e+03    1.10336e-05    4.01238e-06    1.42633e-05    5.18687e-06    8.27324e-06    3.00858e-06    1.74930e-05    6.36136e-06    6.32662e-06    2.30069e-06    1.48934e-05    5.41604e-06    0.00000e+00    3.86906e+02    9.18253e+02    2.79446e+02    7.01359e+01    3.40288e+01    7.54498e+02
  mc.p5.hnu.315.nodk            315        0.09923        0.31500        0.31929        0.00290        0.21533        0.00049        0.88034        0.01607     1674.54413       80.05590     1794.00000    6.85122e+02    3.18173e+03    1.14619e-05    4.18414e-06    1.46766e-05    5.35768e-06    8.69361e-06    3.17358e-06    1.78914e-05    6.53120e-06    6.71034e-06    2.44960e-06    2.08708e-05    7.61884e-06    0.00000e+00    4.19673e+02    9.34115e+02    2.80410e+02    7.03778e+01    4.23175e+01    8.20165e+02
  mc.p5.hnu.316.nodk            316        0.09986        0.31600        0.31986        0.00290        0.21687        0.00049        0.87118        0.01674     1656.40790       82.25416     1806.00000    6.94986e+02    3.20465e+03    1.16269e-05    4.26123e-06    1.48184e-05    5.43088e-06    8.86737e-06    3.24986e-06    1.79319e-05    6.57198e-06    6.91600e-06    2.53469e-06    2.33025e-05    8.54030e-06    0.00000e+00    4.10632e+02    1.01305e+03    2.74369e+02    6.88616e+01    4.53414e+01    8.62639e+02
  mc.p5.hnu.318.nodk            318        0.10112        0.31800        0.32040        0.00270        0.20934        0.00049        0.90024        0.01600     1622.52461       89.13079     1667.00000    7.66727e+02    3.66251e+03    1.28271e-05    4.74042e-06    1.60508e-05    5.93177e-06    1.00063e-05    3.69796e-06    1.93550e-05    7.15288e-06    7.86302e-06    2.90587e-06    1.64538e-05    6.08068e-06    0.00000e+00    2.82131e+02    8.31462e+02    2.63259e+02    6.60732e+01    6.00004e+01    9.51847e+02
  mc.p5.hnu.319.nodk            319        0.10176        0.31900        0.32164        0.00270        0.21117        0.00049        0.91084        0.01520     1666.61489       92.46861     1652.00000    7.85100e+02    3.71781e+03    1.31345e-05    4.87529e-06    1.64092e-05    6.09079e-06    1.02672e-05    3.81100e-06    1.96839e-05    7.30631e-06    8.12832e-06    3.01708e-06    1.20671e-05    4.47907e-06    0.00000e+00    2.09814e+02    7.73210e+02    2.77761e+02    6.97129e+01    6.53338e+01    1.01593e+03
  mc.p5.hnu.320.nodk            320        0.10240        0.32000        0.32249        0.00270        0.21321        0.00049        0.92991        0.01352     1722.73783      100.56372     1594.00000    8.36445e+02    3.92309e+03    1.39935e-05    5.21764e-06    1.73140e-05    6.45573e-06    1.11297e-05    4.14983e-06    2.05556e-05    7.66438e-06    8.89822e-06    3.31780e-06    7.14561e-06    2.66432e-06    0.00000e+00    2.24182e+02    6.27239e+02    2.96783e+02    7.44871e+01    8.09815e+01    1.12183e+03
  mc.p5.hnu.321.nodk            321        0.10304        0.32100        0.32207        0.00270        0.21331        0.00049        0.92938        0.01338     1701.97606       89.77378     1620.00000    7.57993e+02    3.55344e+03    1.26810e-05    4.75036e-06    1.60024e-05    5.99456e-06    9.85791e-06    3.69281e-06    1.92449e-05    7.20921e-06    7.76841e-06    2.91008e-06    7.81178e-06    2.92632e-06    0.00000e+00    2.18811e+02    5.99951e+02    2.89672e+02    7.27026e+01    6.39075e+01    1.08720e+03
  mc.p5.hnu.322.nodk            322        0.10368        0.32200        0.32162        0.00270        0.21389        0.00049        0.93128        0.01351     1706.66681       86.95980     1621.00000    7.38017e+02    3.45047e+03    1.23468e-05    4.64748e-06    1.55813e-05    5.86496e-06    9.53532e-06    3.58920e-06    1.88946e-05    7.11214e-06    7.47183e-06    2.81248e-06    7.34599e-06    2.76511e-06    0.00000e+00    1.38704e+02    6.13007e+02    2.91271e+02    7.31039e+01    5.81432e+01    1.11409e+03
  mc.p5.hnu.324.nodk            324        0.10498        0.32400        0.32426        0.00270        0.21763        0.00049        0.92967        0.01310     1681.50474       75.63484     1665.00000    6.48874e+02    2.98154e+03    1.08555e-05    4.12754e-06    1.40376e-05    5.33746e-06    8.13364e-06    3.09262e-06    1.72196e-05    6.54736e-06    6.21567e-06    2.36336e-06    9.68764e-06    3.68350e-06    0.00000e+00    7.03675e+01    5.61023e+02    2.82746e+02    7.09641e+01    3.83626e+01    1.04519e+03
  mc.p5.hnu.325.nodk            325        0.10563        0.32500        0.32464        0.00270        0.21844        0.00050        0.90812        0.01442     1641.32529       76.30295     1680.00000    6.49948e+02    2.97541e+03    1.08734e-05    4.15627e-06    1.39663e-05    5.33850e-06    8.15610e-06    3.11759e-06    1.71365e-05    6.55026e-06    6.27667e-06    2.39920e-06    1.38890e-05    5.30894e-06    0.00000e+00    6.70448e+01    6.79564e+02    2.69395e+02    6.76133e+01    3.87020e+01    1.05868e+03
  mc.p5.hnu.326.nodk            326        0.10628        0.32600        0.32469        0.00270        0.22088        0.00050        0.91398        0.01408     1654.62514       76.49768     1641.00000    6.43252e+02    2.91220e+03    1.07614e-05    4.13591e-06    1.38964e-05    5.34077e-06    8.07926e-06    3.10508e-06    1.69550e-05    6.51626e-06    6.22277e-06    2.39158e-06    9.81663e-06    3.77280e-06    0.00000e+00    6.94484e+01    6.49946e+02    2.73778e+02    6.87135e+01    3.82116e+01    1.04062e+03
  mc.p5.hnu.327.nodk            327        0.10693        0.32700        0.32520        0.00270        0.22223        0.00050        0.89616        0.01562     1648.19592       91.76580     1610.00000    7.42489e+02    3.34105e+03    1.24216e-05    4.80086e-06    1.54578e-05    5.97431e-06    9.69207e-06    3.74590e-06    1.85697e-05    7.17705e-06    7.65988e-06    2.96048e-06    9.86679e-06    3.81343e-06    0.00000e+00    4.86495e+01    8.25455e+02    2.71655e+02    6.81805e+01    6.09340e+01    1.19162e+03
  mc.p5.hnu.328.nodk            328        0.10758        0.32800        0.32532        0.00250        0.21198        0.00049        0.87468        0.01802     1497.68006       90.65408     1472.00000    7.62278e+02    3.59597e+03    1.27527e-05    4.95742e-06    1.58564e-05    6.16394e-06    1.00276e-05    3.89807e-06    1.89602e-05    7.37048e-06    8.02365e-06    3.11907e-06    1.09229e-05    4.24611e-06    0.00000e+00    4.01697e+01    9.51600e+02    2.24305e+02    5.62964e+01    5.88725e+01    1.15611e+03
  mc.p5.hnu.329.nodk            329        0.10824        0.32900        0.32540        0.00250        0.21264        0.00049        0.88114        0.01774     1507.22745       95.06596     1483.00000    7.93876e+02    3.73347e+03    1.32813e-05    5.19381e-06    1.63745e-05    6.40343e-06    1.05428e-05    4.12289e-06    1.93884e-05    7.58202e-06    8.45668e-06    3.30707e-06    1.15141e-05    4.50272e-06    0.00000e+00    4.06835e+01    9.20622e+02    2.27173e+02    5.70165e+01    6.58325e+01    1.21124e+03
  mc.p5.hnu.330.nodk            330        0.10890        0.33000        0.32662        0.00250        0.21580        0.00049        0.87532        0.01793     1480.60069       84.23452     1513.00000    7.03783e+02    3.26124e+03    1.17741e-05    4.63278e-06    1.48246e-05    5.83305e-06    9.17633e-06    3.61063e-06    1.77968e-05    7.00253e-06    7.20266e-06    2.83405e-06    1.43553e-05    5.64839e-06    0.00000e+00    7.84318e+01    9.19878e+02    2.19218e+02    5.50198e+01    4.66193e+01    1.21679e+03
  mc.p5.hnu.331.nodk            331        0.10956        0.33100        0.32636        0.00250        0.21615        0.00049        0.88835        0.01673     1495.24268       77.56147     1537.00000    6.59223e+02    3.04984e+03    1.10286e-05    4.36703e-06    1.39979e-05    5.54277e-06    8.39328e-06    3.32351e-06    1.70452e-05    6.74945e-06    6.49541e-06    2.57200e-06    1.43104e-05    5.66654e-06    0.00000e+00    7.99907e+01    7.92646e+02    2.23575e+02    5.61133e+01    3.68959e+01    1.25561e+03
  mc.p5.hnu.332.nodk            332        0.11022        0.33200        0.32706        0.00250        0.21787        0.00049        0.89679        0.01572     1496.62099       70.39619     1545.00000    6.04537e+02    2.77476e+03    1.01137e-05    4.03099e-06    1.31394e-05    5.23690e-06    7.53659e-06    3.00383e-06    1.60874e-05    6.41187e-06    5.77210e-06    2.30056e-06    1.39152e-05    5.54611e-06    0.00000e+00    8.01383e+01    6.87959e+02    2.23987e+02    5.62168e+01    3.43937e+01    1.25457e+03
  mc.p5.hnu.333.nodk            333        0.11089        0.33300        0.32692        0.00250        0.21891        0.00050        0.90000        0.01563     1506.07868       69.08393     1557.00000    5.96032e+02    2.72279e+03    9.97146e-06    4.00110e-06    1.29061e-05    5.17863e-06    7.40009e-06    2.96933e-06    1.59178e-05    6.38708e-06    5.61001e-06    2.25104e-06    1.39100e-05    5.58145e-06    0.00000e+00    8.11543e+01    6.84160e+02    2.26827e+02    5.69296e+01    3.94884e+01    1.35188e+03
  mc.p5.hnu.334.nodk            334        0.11156        0.33400        0.32764        0.00250        0.22096        0.00050        0.91608        0.01456     1549.89468       77.51411     1571.00000    6.43956e+02    2.91435e+03    1.07732e-05    4.35287e-06    1.38304e-05    5.58812e-06    8.20717e-06    3.31607e-06    1.68115e-05    6.79260e-06    6.35848e-06    2.56912e-06    1.24546e-05    5.03221e-06    0.00000e+00    4.03869e+01    6.06555e+02    2.40217e+02    6.02903e+01    4.50682e+01    1.40347e+03
  mc.p5.hnu.335.nodk            335        0.11223        0.33500        0.32777        0.00250        0.22158        0.00050        0.90692        0.01539     1541.70889       79.81014     1565.00000    6.57863e+02    2.96901e+03    1.10059e-05    4.47875e-06    1.39779e-05    5.68819e-06    8.43493e-06    3.43252e-06    1.70261e-05    6.92863e-06    6.56707e-06    2.67241e-06    1.28348e-05    5.22301e-06    0.00000e+00    3.99614e+01    6.84417e+02    2.37687e+02    5.96551e+01    4.32591e+01    1.49439e+03
  mc.p5.hnu.336.nodk            336        0.11290        0.33600        0.32705        0.00250        0.22230        0.00050        0.90024        0.01600     1527.56551       85.99402     1588.00000    6.97082e+02    3.13581e+03    1.16620e-05    4.78080e-06    1.46228e-05    5.99455e-06    9.07550e-06    3.72047e-06    1.75836e-05    7.20832e-06    7.15708e-06    2.93402e-06    1.62930e-05    6.67924e-06    0.00000e+00    3.92316e+01    7.36987e+02    2.33346e+02    5.85656e+01    5.28324e+01    1.56151e+03
  mc.p5.hnu.337.nodk            337        0.11357        0.33700        0.32841        0.00250        0.22533        0.00050        0.87955        0.01665     1490.24116       84.33361     1554.00000    6.76673e+02    3.00305e+03    1.13206e-05    4.67614e-06    1.41672e-05    5.85199e-06    8.76911e-06    3.62222e-06    1.70886e-05    7.05874e-06    6.92849e-06    2.86193e-06    1.61148e-05    6.65649e-06    0.00000e+00    3.73379e+01    7.95791e+02    2.22082e+02    5.57386e+01    5.13093e+01    1.58240e+03
  mc.p5.hnu.338.nodk            338        0.11424        0.33800        0.32872        0.00230        0.21417        0.00049        0.87471        0.01710     1355.26059       71.16226     1411.00000    6.15019e+02    2.87168e+03    1.02891e-05    4.28342e-06    1.32094e-05    5.49914e-06    7.77434e-06    3.23651e-06    1.60506e-05    6.68196e-06    5.98039e-06    2.48967e-06    1.47089e-05    6.12341e-06    0.00000e+00    2.26081e+00    7.02025e+02    1.83673e+02    4.60987e+01    2.84148e+01    1.46132e+03
  mc.p5.hnu.339.nodk            339        0.11492        0.33900        0.33026        0.00230        0.21651        0.00049        0.88107        0.01716     1378.88662       76.68110     1400.00000    6.43963e+02    2.97434e+03    1.07733e-05    4.52127e-06    1.37380e-05    5.76547e-06    8.27655e-06    3.47344e-06    1.66248e-05    6.97699e-06    6.45678e-06    2.70974e-06    1.24896e-05    5.24156e-06    0.00000e+00    2.34032e+00    7.20998e+02    1.90133e+02    4.77199e+01    3.91153e+01    1.46982e+03
  mc.p5.hnu.340.nodk            340        0.11560        0.34000        0.33027        0.00230        0.21795        0.00049        0.88114        0.01774     1394.24721       81.98776     1413.00000    6.79484e+02    3.11760e+03    1.13676e-05    4.81043e-06    1.42338e-05    6.02332e-06    8.79793e-06    3.72303e-06    1.71000e-05    7.23621e-06    6.94721e-06    2.93986e-06    1.28394e-05    5.43326e-06    0.00000e+00    2.39276e+00    7.87777e+02    1.94393e+02    4.87890e+01    4.50087e+01    1.71725e+03
  mc.p5.hnu.342.nodk            342        0.11696        0.34200        0.33171        0.00230        0.22214        0.00050        0.87013        0.01842     1346.43078       71.33546     1440.00000    5.92893e+02    2.66900e+03    9.91894e-06    4.27100e-06    1.27344e-05    5.48331e-06    7.49755e-06    3.22838e-06    1.54736e-05    6.66279e-06    5.80868e-06    2.50116e-06    1.70714e-05    7.35080e-06    0.00000e+00    7.25328e+00    8.12727e+02    1.81288e+02    4.54999e+01    2.19178e+01    1.96767e+03
  mc.p5.hnu.343.nodk            343        0.11765        0.34300        0.33234        0.00230        0.22332        0.00050        0.88148        0.01729     1367.92672       70.18601     1432.00000    5.81056e+02    2.60192e+03    9.72091e-06    4.22400e-06    1.25215e-05    5.44093e-06    7.32629e-06    3.18347e-06    1.53223e-05    6.65793e-06    5.62575e-06    2.44454e-06    1.46410e-05    6.36191e-06    0.00000e+00    7.48673e+00    7.20027e+02    1.87122e+02    4.69644e+01    2.38309e+01    2.13558e+03
  mc.p5.hnu.344.nodk            344        0.11834        0.34400        0.33283        0.00230        0.22520        0.00050        0.89216        0.01658     1421.32195       82.76043     1445.00000    6.63491e+02    2.94618e+03    1.11000e-05    4.86875e-06    1.39486e-05    6.11818e-06    8.61150e-06    3.77721e-06    1.67223e-05    7.33483e-06    6.77255e-06    2.97061e-06    1.28991e-05    5.65786e-06    0.00000e+00    8.08260e+00    6.97711e+02    2.02016e+02    5.07023e+01    3.93430e+01    2.26335e+03
  mc.p5.hnu.345.nodk            345        0.11903        0.34500        0.33213        0.00230        0.22655        0.00050        0.90097        0.01589     1455.44221       86.74210     1440.00000    6.86693e+02    3.03106e+03    1.14882e-05    5.08804e-06    1.43188e-05    6.34169e-06    9.00345e-06    3.98757e-06    1.71494e-05    7.59536e-06    7.14271e-06    3.16346e-06    1.04272e-05    4.61812e-06    0.00000e+00    3.33609e+00    6.58824e+02    2.11831e+02    5.31658e+01    4.92280e+01    2.55202e+03
  mc.p5.hnu.346.nodk            346        0.11972        0.34600        0.33376        0.00230        0.22895        0.00050        0.89549        0.01610     1473.62944       92.23192     1483.00000    7.15540e+02    3.12525e+03    1.19708e-05    5.35505e-06    1.48441e-05    6.64039e-06    9.49924e-06    4.24941e-06    1.76438e-05    7.89280e-06    7.57557e-06    3.38887e-06    1.27075e-05    5.68459e-06    0.00000e+00    3.41998e+00    7.01674e+02    2.17158e+02    5.45029e+01    6.23434e+01    2.71648e+03
  mc.p5.hnu.347.nodk            347        0.12041        0.34700        0.33428        0.00230        0.23101        0.00051        0.87441        0.01731     1468.12266      104.93565     1501.00000    7.95346e+02    3.44288e+03    1.33059e-05    6.01405e-06    1.60784e-05    7.26715e-06    1.07596e-05    4.86315e-06    1.88507e-05    8.52019e-06    8.81676e-06    3.98502e-06    1.57136e-05    7.10228e-06    0.00000e+00    3.39447e+00    8.44785e+02    2.15538e+02    5.40963e+01    9.80760e+01    3.02235e+03
  mc.p5.hnu.348.nodk            348        0.12110        0.34800        0.33557        0.00210        0.21931        0.00050        0.87565        0.01808     1317.90210       86.90490     1368.00000    7.02883e+02    3.20505e+03    1.17591e-05    5.37183e-06    1.46063e-05    6.67251e-06    9.32004e-06    4.25763e-06    1.73767e-05    7.93811e-06    7.46681e-06    3.41103e-06    1.56837e-05    7.16469e-06    0.00000e+00    5.97262e-01    7.40859e+02    1.73687e+02    4.35922e+01    4.29319e+01    2.71316e+03
  mc.p5.hnu.350.nodk            350        0.12250        0.35000        0.33554        0.00210        0.22221        0.00050        0.87845        0.01855     1303.84790       82.26154     1453.00000    6.61828e+02    2.97838e+03    1.10722e-05    5.17259e-06    1.38074e-05    6.45039e-06    8.67845e-06    4.05430e-06    1.66187e-05    7.76375e-06    6.88609e-06    3.21697e-06    2.24691e-05    1.04969e-05    6.35549e-09    7.32204e-02    7.57993e+02    1.70002e+02    4.26674e+01    2.44777e+01    3.35752e+03
  mc.p5.hnu.351.nodk            351        0.12320        0.35100        0.33399        0.00210        0.22332        0.00050        0.87845        0.01855     1348.72673       97.21326     1443.00000    7.62665e+02    3.41519e+03    1.27592e-05    6.03124e-06    1.55531e-05    7.35191e-06    1.03336e-05    4.88466e-06    1.83470e-05    8.67260e-06    8.39137e-06    3.96659e-06    1.99327e-05    9.42218e-06    0.00000e+00    7.83477e-02    8.11072e+02    1.81906e+02    4.56552e+01    5.32641e+01    3.60425e+03
  mc.p5.hnu.352.nodk            352        0.12390        0.35200        0.33366        0.00210        0.22409        0.00050        0.88978        0.01758     1361.18663       91.03295     1445.00000    7.20714e+02    3.21612e+03    1.20573e-05    5.76929e-06    1.48429e-05    7.10214e-06    9.58806e-06    4.58777e-06    1.75531e-05    8.39895e-06    7.70219e-06    3.68540e-06    1.83812e-05    8.79519e-06    0.00000e+00    3.82930e-04    7.23082e+02    1.85283e+02    4.65027e+01    3.81413e+01    3.80366e+03
  mc.p5.hnu.353.nodk            353        0.12461        0.35300        0.33303        0.00210        0.22533        0.00050        0.89433        0.01689     1367.94624       84.96463     1439.00000    6.72868e+02    2.98617e+03    1.12569e-05    5.45459e-06    1.40284e-05    6.79752e-06    8.83155e-06    4.27937e-06    1.68000e-05    8.14054e-06    7.01357e-06    3.39846e-06    1.66502e-05    8.06795e-06    0.00000e+00    3.86743e-04    6.67734e+02    1.87128e+02    4.69657e+01    2.72713e+01    4.07453e+03
  mc.p5.hnu.354.nodk            354        0.12532        0.35400        0.33136        0.00210        0.22713        0.00050        0.90130        0.01650     1377.80928       94.46628     1443.00000    7.31998e+02    3.22286e+03    1.22461e-05    6.01186e-06    1.49937e-05    7.36068e-06    9.81068e-06    4.81625e-06    1.78155e-05    8.74597e-06    7.93373e-06    3.89482e-06    1.71472e-05    8.41788e-06    0.00000e+00    3.92340e-04    6.36232e+02    1.89836e+02    4.76454e+01    5.84349e+01    4.52553e+03
  mc.p5.hnu.355.nodk            355        0.12602        0.35500        0.33079        0.00210        0.22845        0.00050        0.90836        0.01633     1351.29495       89.55634     1462.00000    6.96299e+02    3.04793e+03    1.16489e-05    5.79652e-06    1.43816e-05    7.15634e-06    9.23256e-06    4.59415e-06    1.70405e-05    8.47941e-06    7.39543e-06    3.67999e-06    1.98471e-05    9.87596e-06    0.00000e+00    6.78272e-02    5.90155e+02    1.82600e+02    4.58293e+01    5.22332e+01    4.79550e+03
  mc.p5.hnu.356.nodk            356        0.12674        0.35600        0.32861        0.00210        0.22825        0.00050        0.90561        0.01604     1362.67269       93.93553     1507.00000    7.24898e+02    3.17592e+03    1.21273e-05    6.11983e-06    1.48616e-05    7.49963e-06    9.70334e-06    4.89660e-06    1.75958e-05    8.87940e-06    7.83798e-06    3.95528e-06    2.28425e-05    1.15270e-05    0.00000e+00    9.47953e-03    5.82829e+02    1.85688e+02    4.66043e+01    4.25169e+01    4.85421e+03
  mc.p5.hnu.358.nodk            358        0.12816        0.35800        0.32114        0.00190        0.21238        0.00049        0.88083        0.01778     1173.06679       81.86819     1372.00000    6.87625e+02    3.23767e+03    1.15038e-05    5.97997e-06    1.42072e-05    7.38526e-06    9.04922e-06    4.70403e-06    1.69104e-05    8.79047e-06    7.24587e-06    3.76660e-06    2.73252e-05    1.42044e-05    2.09987e-06    7.02504e-03    5.60757e+02    1.37609e+02    3.45373e+01    4.51314e+01    4.33805e+03
  mc.p5.hnu.359.nodk            359        0.12888        0.35900        0.31627        0.00190        0.21169        0.00049        0.88828        0.01780     1169.16988       82.65005     1298.00000    6.94805e+02    3.28216e+03    1.16239e-05    6.13811e-06    1.43358e-05    7.57017e-06    9.16093e-06    4.83751e-06    1.70477e-05    9.00217e-06    7.34715e-06    3.87973e-06    2.19130e-05    1.15713e-05    0.00000e+00    4.02863e-03    5.49069e+02    1.36696e+02    3.43082e+01    3.05516e+01    4.48678e+03
  mc.p5.hnu.360.nodk            360        0.12960        0.36000        0.31084        0.00190        0.21045        0.00049        0.89625        0.01781     1188.84986       96.69671     1234.00000    7.98810e+02    3.79572e+03    1.33639e-05    7.17324e-06    1.61685e-05    8.67867e-06    1.09226e-05    5.86285e-06    1.88932e-05    1.01412e-05    8.94144e-06    4.79944e-06    1.70500e-05    9.15183e-06    0.00000e+00    6.94603e-01    5.58061e+02    1.41336e+02    3.54729e+01    4.79709e+01    4.75359e+03
  mc.p5.hnu.361.nodk            361        0.13032        0.36100        0.30563        0.00190        0.20854        0.00049        0.88393        0.01896     1148.71007       96.89301     1195.00000    8.06693e+02    3.86825e+03    1.34958e-05    7.36846e-06    1.62452e-05    8.86962e-06    1.10299e-05    6.02215e-06    1.89948e-05    1.03708e-05    9.07896e-06    4.95696e-06    1.72966e-05    9.44362e-06    0.00000e+00    6.48491e-01    6.06906e+02    1.31953e+02    3.31180e+01    6.87696e+01    4.71529e+03
  mc.p5.hnu.362.nodk            362        0.13104        0.36200        0.29989        0.00190        0.20711        0.00049        0.90909        0.01704     1150.68405       99.39120     1180.00000    8.31216e+02    4.01344e+03    1.39060e-05    7.72848e-06    1.66740e-05    9.26683e-06    1.14168e-05    6.34508e-06    1.94421e-05    1.08052e-05    9.43581e-06    5.24409e-06    1.63483e-05    9.08583e-06    0.00000e+00    3.08645e+00    4.65068e+02    1.32407e+02    3.32319e+01    9.55956e+01    4.74189e+03
  mc.p5.hnu.363.nodk            363        0.13177        0.36300        0.29370        0.00190        0.20552        0.00048        0.89728        0.01820     1103.47951       96.96914     1187.00000    8.18464e+02    3.98235e+03    1.36927e-05    7.75232e-06    1.64006e-05    9.28547e-06    1.12532e-05    6.37118e-06    1.91086e-05    1.08186e-05    9.30870e-06    5.27026e-06    2.05856e-05    1.16549e-05    0.00000e+00    4.18761e+00    5.00771e+02    1.21767e+02    3.05613e+01    7.13329e+01    4.54591e+03
  mc.p5.hnu.364.nodk            364        0.13250        0.36400        0.28602        0.00170        0.18805        0.00047        0.89619        0.01967      932.87964       72.44366     1038.00000    6.83704e+02    3.63578e+03    1.14382e-05    6.60266e-06    1.42250e-05    8.21130e-06    9.06542e-06    5.23298e-06    1.69221e-05    9.76821e-06    7.20995e-06    4.16192e-06    2.09676e-05    1.21035e-05    0.00000e+00    2.99288e+00    4.19207e+02    8.70264e+01    2.18421e+01    2.16441e+01    3.41603e+03
  mc.p5.hnu.365.nodk            365        0.13322        0.36500        0.27821        0.00170        0.18523        0.00047        0.90036        0.01965      916.20756       80.00904     1036.00000    7.59119e+02    4.09822e+03    1.26999e-05    7.48124e-06    1.54356e-05    9.09284e-06    1.01825e-05    5.99835e-06    1.81714e-05    1.07045e-05    8.29255e-06    4.88498e-06    2.36431e-05    1.39277e-05    0.00000e+00    2.88686e+00    3.99710e+02    8.39436e+01    2.10683e+01    3.20057e+01    3.12822e+03
  mc.p5.hnu.366.nodk            366        0.13396        0.36600        0.26676        0.00170        0.18078        0.00046        0.90780        0.01900      922.93293       93.73539      991.00000    8.91861e+02    4.93353e+03    1.49206e-05    8.97851e-06    1.78134e-05    1.07192e-05    1.23920e-05    7.45691e-06    2.06130e-05    1.24040e-05    1.03494e-05    6.22778e-06    2.13596e-05    1.28532e-05    0.00000e+00    4.23229e+00    3.73296e+02    8.51805e+01    2.13788e+01    6.25523e+01    3.10152e+03
  mc.p5.hnu.367.nodk            367        0.13469        0.36700        0.25728        0.00170        0.17659        0.00046        0.87786        0.02213      840.51168       83.00628      910.00000    8.16609e+02    4.62430e+03    1.36616e-05    8.40682e-06    1.64349e-05    1.01134e-05    1.11713e-05    6.87439e-06    1.92083e-05    1.18200e-05    9.19831e-06    5.66027e-06    2.03559e-05    1.25262e-05    0.00000e+00    1.99483e+00    4.48790e+02    7.06460e+01    1.77309e+01    3.86388e+01    2.84111e+03
  mc.p5.hnu.368.nodk            368        0.13542        0.36800        0.24435        0.00170        0.16974        0.00045        0.88933        0.02169      828.23834       93.13984      847.00000    9.43731e+02    5.55990e+03    1.57884e-05    9.94691e-06    1.86711e-05    1.17630e-05    1.31669e-05    8.29533e-06    2.14542e-05    1.35165e-05    1.10366e-05    6.95325e-06    1.76770e-05    1.11368e-05    0.00000e+00    1.93700e+00    4.08148e+02    6.85979e+01    1.72168e+01    6.02396e+01    2.59941e+03
  mc.p5.hnu.369.nodk            369        0.13616        0.36900        0.23284        0.00150        0.15177        0.00043        0.89326        0.02594      658.09081       62.26727      712.00000    7.30148e+02    4.81091e+03    1.22152e-05    7.88923e-06    1.50050e-05    9.69106e-06    9.64927e-06    6.23203e-06    1.79064e-05    1.15649e-05    7.70313e-06    4.97510e-06    1.82411e-05    1.17811e-05    0.00000e+00    4.46215e-01    3.65254e+02    4.33084e+01    1.08696e+01    2.80545e+01    1.74905e+03
  mc.p5.hnu.370.nodk            370        0.13690        0.37000        0.21950        0.00150        0.14497        0.00042        0.95062        0.02018      664.25626       64.11477      638.00000    7.83117e+02    5.40183e+03    1.31013e-05    8.68671e-06    1.61378e-05    1.07000e-05    1.04116e-05    6.90329e-06    1.90574e-05    1.26358e-05    8.35604e-06    5.54039e-06    1.04116e-05    6.90329e-06    0.00000e+00    9.80774e-03    1.98867e+02    4.41236e+01    1.10742e+01    2.93457e+01    1.43254e+03
  mc.p5.hnu.371.nodk            371        0.13764        0.37100        0.20549        0.00150        0.13939        0.00042        0.91195        0.02562      595.48444       60.26800      564.00000    7.64671e+02    5.48570e+03    1.27927e-05    8.72165e-06    1.57099e-05    1.07105e-05    1.02088e-05    6.95998e-06    1.87488e-05    1.27823e-05    8.15218e-06    5.55787e-06    9.57169e-06    6.52564e-06    0.00000e+00    7.88204e-03    2.79934e+02    3.54602e+01    8.89987e+00    2.42211e+01    1.23301e+03
  mc.p5.hnu.372.nodk            372        0.13838        0.37200        0.19132        0.00150        0.13256        0.00041        0.90411        0.02779      524.32904       50.88799      520.00000    6.91070e+02    5.21321e+03    1.15614e-05    8.11917e-06    1.45074e-05    1.01880e-05    8.98560e-06    6.31026e-06    1.74533e-05    1.22569e-05    7.07251e-06    4.96677e-06    1.10619e-05    7.76837e-06    0.00000e+00    2.80823e-01    2.59684e+02    2.74921e+01    6.90002e+00    1.73140e+01    1.05947e+03
  mc.p5.hnu.373.nodk            373        0.13913        0.37300        0.17568        0.00150        0.12417        0.00040        0.92593        0.02627      481.39480       43.07903      503.00000    6.38716e+02    5.14393e+03    1.06856e-05    7.74519e-06    1.37009e-05    9.93077e-06    8.09000e-06    5.86386e-06    1.67160e-05    1.21163e-05    6.22758e-06    4.51393e-06    1.37009e-05    9.93077e-06    0.00000e+00    2.36716e-01    1.86583e+02    2.31741e+01    5.81628e+00    9.24414e+00    8.94561e+02
  mc.p5.hnu.374.nodk            374        0.13988        0.37400        0.15902        0.00130        0.10510        0.00037        0.91667        0.03342      381.92935       36.45800      428.00000    6.40375e+02    6.09288e+03    1.07133e-05    8.03301e-06    1.39603e-05    1.04676e-05    8.08598e-06    6.06299e-06    1.72079e-05    1.29028e-05    6.12793e-06    4.59482e-06    1.83443e-05    1.37549e-05    0.00000e+00    1.36471e-06    1.93939e+02    1.45870e+01    3.66108e+00    9.16119e+00    6.42126e+02
  mc.p5.hnu.375.nodk            375        0.14062        0.37500        0.13956        0.00130        0.09466        0.00035        0.92208        0.03706      349.69443       47.66082      364.00000    8.83519e+02    9.33363e+03    1.47810e-05    1.14950e-05    1.81935e-05    1.41488e-05    1.17714e-05    9.15443e-06    2.16061e-05    1.68028e-05    9.56866e-06    7.44140e-06    1.74749e-05    1.35899e-05    0.00000e+00    3.28351e-01    1.97526e+02    1.22286e+01    3.06916e+00    2.88175e+01    6.11849e+02
  mc.p5.hnu.376.nodk            376        0.14138        0.37600        0.12050        0.00130        0.08419        0.00033        0.91549        0.04004      287.64943       43.82752      291.00000    9.11730e+02    1.08290e+04    1.52530e-05    1.23400e-05    1.86906e-05    1.51211e-05    1.22117e-05    9.87953e-06    2.21286e-05    1.79025e-05    9.86104e-06    7.97778e-06    1.60614e-05    1.29940e-05    0.00000e+00    2.22171e-01    1.58248e+02    8.27422e+00    2.07668e+00    1.84510e+01    5.12343e+02
  mc.p5.hnu.377.nodk            377        0.14213        0.37700        0.09998        0.00130        0.07125        0.00031        0.88679        0.05274      234.30049       44.42192      241.00000    1.08178e+03    1.51829e+04    1.80979e-05    1.52853e-05    2.16826e-05    1.83128e-05    1.46750e-05    1.23944e-05    2.52672e-05    2.13404e-05    1.21316e-05    1.02462e-05    1.97706e-05    1.66981e-05    0.00000e+00    1.07496e-01    1.94135e+02    5.48967e+00    1.37781e+00    2.39997e+01    4.76679e+02
  mc.p5.hnu.378.nodk            378        0.14288        0.37800        0.08046        0.00110        0.05368        0.00027        0.84615        0.06993      149.72231       30.57690      169.00000    9.97940e+02    1.85921e+04    1.66953e-05    1.47824e-05    2.05299e-05    1.81777e-05    1.33208e-05    1.17945e-05    2.46850e-05    2.18567e-05    1.07171e-05    9.48914e-06    2.30870e-05    2.04417e-05    0.00000e+00    4.38953e-02    1.53091e+02    2.24168e+00    5.62621e-01    8.76968e+00    2.76912e+02
  mc.p5.hnu.379.nodk            379        0.14364        0.37900        0.06314        0.00110        0.04303        0.00024        0.96000        0.05958      121.12892       21.68622      115.00000    9.31056e+02    2.16385e+04    1.55763e-05    1.45318e-05    2.00023e-05    1.86610e-05    1.17487e-05    1.09609e-05    2.44270e-05    2.27890e-05    8.98870e-06    8.38594e-06    1.33452e-05    1.24503e-05    0.00000e+00    1.07812e-02    5.65201e+01    1.46722e+00    3.68246e-01    5.83295e+00    1.94022e+02
