             channel           mass           mean     sqrt(mean)       full_acc          width      final_acc  final_acc_err       trig_eff       trig_err             bg         bg_err         dt_obs     ul_acc_sig    ul_orig_sig          ul_br          ul_u2    high1_ul_br    high1_ul_u2     low1_ul_br     low1_ul_u2    high2_ul_br    high2_ul_u2     low2_ul_br     low2_ul_u2       dt_ul_br       dt_ul_u2       dt_ll_u2       err_scat       err_trig        err_muv       err_flux     err_hscale       err_hval
  mc.p5.hnu.250.nodk            250        0.06250        0.25000        0.29153        0.00390        0.19368        0.00047        0.90020        0.01439     1830.97552      128.24052     1829.00000    1.14354e+03    5.90424e+03    1.91075e-05    6.65344e-06    2.28397e-05    7.95303e-06    1.58173e-05    5.50775e-06    2.65721e-05    9.25268e-06    1.31170e-05    4.56748e-06    1.90214e-05    6.62346e-06    0.00000e+00    1.47318e+04    8.56631e+02    3.35247e+02    8.41383e+01    5.85328e+01    3.79232e+02
  mc.p5.hnu.252.nodk            252        0.06350        0.25200        0.29378        0.00390        0.19659        0.00048        0.91051        0.01357     1864.78316      117.45083     1849.00000    1.04356e+03    5.30820e+03    1.74369e-05    6.05100e-06    2.11156e-05    7.32761e-06    1.41500e-05    4.91040e-06    2.48800e-05    8.63395e-06    1.15750e-05    4.01678e-06    1.62049e-05    5.62347e-06    0.00000e+00    1.21272e+04    7.72016e+02    3.47742e+02    8.72741e+01    6.10090e+01    3.99441e+02
  mc.p5.hnu.254.nodk            254        0.06452        0.25400        0.29308        0.00390        0.19685        0.00048        0.90856        0.01369     1878.44801      106.08733     1838.00000    9.55975e+02    4.85646e+03    1.59735e-05    5.52571e-06    1.96497e-05    6.79742e-06    1.27176e-05    4.39941e-06    2.34117e-05    8.09881e-06    1.01792e-05    3.52129e-06    1.29186e-05    4.46891e-06    0.00000e+00    9.56121e+03    8.00953e+02    3.52857e+02    8.85578e+01    5.83679e+01    3.92578e+02
  mc.p5.hnu.255.nodk            255        0.06502        0.25500        0.29348        0.00370        0.19095        0.00047        0.91218        0.01365     1800.60889      101.81447     1754.00000    9.47653e+02    4.96277e+03    1.58344e-05    5.46951e-06    1.96251e-05    6.77889e-06    1.25646e-05    4.34004e-06    2.33280e-05    8.05793e-06    1.00258e-05    3.46310e-06    1.22958e-05    4.24720e-06    0.00000e+00    8.78523e+03    7.25650e+02    3.24219e+02    8.13706e+01    5.81217e+01    3.91593e+02
  mc.p5.hnu.257.nodk            257        0.06605        0.25700        0.29452        0.00370        0.19269        0.00047        0.92430        0.01281     1855.42597      102.87926     1762.00000    9.50581e+02    4.93331e+03    1.58834e-05    5.47130e-06    1.96398e-05    6.76529e-06    1.25675e-05    4.32910e-06    2.33963e-05    8.05926e-06    1.00538e-05    3.46319e-06    9.71076e-06    3.34504e-06    0.00000e+00    9.03317e+03    6.61053e+02    3.44261e+02    8.64004e+01    6.14459e+01    3.97813e+02
  mc.p5.hnu.258.nodk            258        0.06656        0.25800        0.29610        0.00370        0.19402        0.00047        0.91304        0.01352     1835.55416      102.36646     1732.00000    9.38621e+02    4.83781e+03    1.56835e-05    5.39555e-06    1.94143e-05    6.67906e-06    1.23950e-05    4.26423e-06    2.31450e-05    7.96251e-06    9.90615e-06    3.40799e-06    9.11056e-06    3.13428e-06    0.00000e+00    8.84071e+03    7.38528e+02    3.36926e+02    8.45596e+01    6.77223e+01    4.10444e+02
  mc.p5.hnu.259.nodk            259        0.06708        0.25900        0.29509        0.00370        0.19373        0.00047        0.90789        0.01348     1830.95558       95.18032     1758.00000    8.81854e+02    4.55191e+03    1.47350e-05    5.06310e-06    1.84729e-05    6.34749e-06    1.15415e-05    3.96580e-06    2.22110e-05    7.63194e-06    9.10571e-06    3.12882e-06    9.76253e-06    3.35451e-06    0.00000e+00    7.46133e+03    7.38960e+02    3.35240e+02    8.41365e+01    5.73633e+01    3.82264e+02
  mc.p5.hnu.260.nodk            260        0.06760        0.26000        0.29638        0.00370        0.19585        0.00048        0.90095        0.01399     1833.66744       95.85303     1787.00000    8.79064e+02    4.48851e+03    1.46884e-05    5.04132e-06    1.83859e-05    6.31037e-06    1.14559e-05    3.93187e-06    2.20834e-05    7.57943e-06    9.09995e-06    3.12327e-06    1.12629e-05    3.86565e-06    0.00000e+00    7.48345e+03    8.10799e+02    3.36234e+02    8.43859e+01    6.38898e+01    4.09048e+02
  mc.p5.hnu.261.nodk            261        0.06812        0.26100        0.29695        0.00370        0.19677        0.00048        0.89945        0.01377     1850.05263       92.18070     1812.00000    8.50883e+02    4.32424e+03    1.42175e-05    4.87446e-06    1.78986e-05    6.13654e-06    1.10006e-05    3.77156e-06    2.15797e-05    7.39861e-06    8.63238e-06    2.95961e-06    1.13282e-05    3.88389e-06    0.00000e+00    6.74186e+03    8.02532e+02    3.42269e+02    8.59007e+01    7.65824e+01    4.48133e+02
  mc.p5.hnu.262.nodk            262        0.06864        0.26200        0.29719        0.00370        0.19725        0.00048        0.90323        0.01341     1880.39444       93.55905     1817.00000    8.58732e+02    4.35359e+03    1.43486e-05    4.91448e-06    1.80205e-05    6.17210e-06    1.11410e-05    3.81584e-06    2.17777e-05    7.45896e-06    8.72285e-06    2.98762e-06    9.94340e-06    3.40567e-06    0.00000e+00    6.96482e+03    7.79768e+02    3.53588e+02    8.87415e+01    8.88125e+01    4.77567e+02
  mc.p5.hnu.263.nodk            263        0.06917        0.26300        0.29708        0.00370        0.19766        0.00048        0.90543        0.01312     1876.06535       92.90120     1842.00000    8.53476e+02    4.31789e+03    1.42608e-05    4.87983e-06    1.79252e-05    6.13373e-06    1.09916e-05    3.76115e-06    2.15895e-05    7.38760e-06    8.64338e-06    2.95763e-06    1.16523e-05    3.98723e-06    0.00000e+00    6.93278e+03    7.39363e+02    3.51962e+02    8.83333e+01    7.50634e+01    4.43127e+02
  mc.p5.hnu.264.nodk            264        0.06970        0.26400        0.29729        0.00370        0.19751        0.00048        0.89860        0.01350     1873.67091       93.09262     1865.00000    8.52390e+02    4.31569e+03    1.42427e-05    4.86940e-06    1.79097e-05    6.12311e-06    1.10469e-05    3.77682e-06    2.16620e-05    7.40599e-06    8.68826e-06    2.97041e-06    1.35792e-05    4.64257e-06    0.00000e+00    6.87142e+03    7.91857e+02    3.51064e+02    8.81080e+01    8.52964e+01    4.78490e+02
  mc.p5.hnu.265.nodk            265        0.07023        0.26500        0.29778        0.00370        0.19942        0.00048        0.90435        0.01314     1898.12362       93.72669     1920.00000    8.52697e+02    4.27586e+03    1.42478e-05    4.86728e-06    1.78796e-05    6.10796e-06    1.10051e-05    3.75951e-06    2.15958e-05    7.37747e-06    8.62365e-06    2.94598e-06    1.61060e-05    5.50206e-06    0.00000e+00    7.05194e+03    7.60198e+02    3.60287e+02    9.04227e+01    7.43502e+01    4.47491e+02
  mc.p5.hnu.266.nodk            266        0.07076        0.26600        0.29824        0.00370        0.19988        0.00048        0.91413        0.01275     1929.26780       88.63133     1928.00000    8.13573e+02    4.07031e+03    1.35941e-05    4.64059e-06    1.73031e-05    5.90672e-06    1.03812e-05    3.54382e-06    2.10120e-05    7.17285e-06    8.05803e-06    2.75076e-06    1.35102e-05    4.61194e-06    0.00000e+00    6.12435e+03    7.23813e+02    3.72207e+02    9.34144e+01    8.05662e+01    4.61161e+02
  mc.p5.hnu.267.nodk            267        0.07129        0.26700        0.29914        0.00370        0.20065        0.00048        0.92129        0.01229     1944.32151       88.71274     1921.00000    8.11409e+02    4.04391e+03    1.35579e-05    4.62522e-06    1.72526e-05    5.88565e-06    1.03579e-05    3.53353e-06    2.09473e-05    7.14607e-06    8.04283e-06    2.74377e-06    1.17651e-05    4.01361e-06    0.00000e+00    6.22030e+03    6.72637e+02    3.78039e+02    9.48779e+01    7.32902e+01    4.30807e+02
  mc.p5.hnu.268.nodk            268        0.07182        0.26800        0.29923        0.00370        0.20190        0.00048        0.92150        0.01257     1955.64519       81.78662     1907.00000    7.55265e+02    3.74072e+03    1.26198e-05    4.30268e-06    1.62935e-05    5.55522e-06    9.47638e-06    3.23094e-06    2.00507e-05    6.83622e-06    7.25584e-06    2.47386e-06    9.23945e-06    3.15016e-06    0.00000e+00    5.00041e+03    7.11434e+02    3.82455e+02    9.59862e+01    7.23917e+01    4.26379e+02
  mc.p5.hnu.269.nodk            269        0.07236        0.26900        0.29969        0.00350        0.19522        0.00048        0.91270        0.01357     1831.23447       77.28704     1846.00000    7.44222e+02    3.81213e+03    1.24353e-05    4.23760e-06    1.61502e-05    5.50354e-06    9.26162e-06    3.15611e-06    1.97786e-05    6.73999e-06    7.04313e-06    2.40011e-06    1.37311e-05    4.67918e-06    0.00000e+00    4.38443e+03    7.41194e+02    3.35342e+02    8.41621e+01    5.41076e+01    3.74051e+02
  mc.p5.hnu.270.nodk            270        0.07290        0.27000        0.30011        0.00350        0.19592        0.00048        0.91152        0.01391     1846.60389       78.30033     1815.00000    7.47826e+02    3.81692e+03    1.24955e-05    4.25627e-06    1.61967e-05    5.51698e-06    9.33680e-06    3.18034e-06    1.98978e-05    6.77765e-06    7.12010e-06    2.42528e-06    1.01148e-05    3.44535e-06    0.00000e+00    4.45833e+03    7.94539e+02    3.40995e+02    8.55808e+01    5.82271e+01    3.93265e+02
  mc.p5.hnu.271.nodk            271        0.07344        0.27100        0.29964        0.00350        0.19595        0.00048        0.91463        0.01362     1854.01081       75.58030     1815.00000    7.31252e+02    3.73178e+03    1.22186e-05    4.16042e-06    1.59202e-05    5.42081e-06    8.99771e-06    3.06372e-06    1.96218e-05    6.68123e-06    6.82147e-06    2.32271e-06    9.30870e-06    3.16961e-06    0.00000e+00    4.13318e+03    7.61967e+02    3.43736e+02    8.62687e+01    4.40078e+01    3.43225e+02
  mc.p5.hnu.272.nodk            272        0.07398        0.27200        0.30022        0.00350        0.19700        0.00048        0.90373        0.01406     1829.26619       75.18520     1815.00000    7.21995e+02    3.66494e+03    1.20639e-05    4.10656e-06    1.57459e-05    5.35994e-06    8.93000e-06    3.03979e-06    1.93423e-05    6.58416e-06    6.75767e-06    2.30032e-06    1.09257e-05    3.71913e-06    0.00000e+00    4.02359e+03    8.09628e+02    3.34621e+02    8.39813e+01    4.71655e+01    3.53830e+02
  mc.p5.hnu.275.nodk            275        0.07563        0.27500        0.30148        0.00350        0.19931        0.00048        0.89493        0.01422     1842.07635       72.76801     1868.00000    6.98006e+02    3.50211e+03    1.16630e-05    3.96846e-06    1.52187e-05    5.17830e-06    8.57246e-06    2.91686e-06    1.88589e-05    6.41690e-06    6.45023e-06    2.19475e-06    1.38642e-05    4.71741e-06    0.00000e+00    3.60485e+03    8.56676e+02    3.39325e+02    8.51616e+01    4.89812e+01    3.60185e+02
  mc.p5.hnu.276.nodk            276        0.07618        0.27600        0.30212        0.00350        0.20006        0.00048        0.89366        0.01425     1850.06070       69.14032     1868.00000    6.70454e+02    3.35129e+03    1.12027e-05    3.81186e-06    1.48308e-05    5.04637e-06    8.14177e-06    2.77035e-06    1.84586e-05    6.28080e-06    6.07221e-06    2.06615e-06    1.27215e-05    4.32866e-06    0.00000e+00    3.10088e+03    8.70018e+02    3.42272e+02    8.59015e+01    4.34045e+01    3.37904e+02
  mc.p5.hnu.277.nodk            277        0.07673        0.27700        0.30185        0.00350        0.20136        0.00048        0.90395        0.01373     1891.24325       67.99335     1841.00000    6.59400e+02    3.27469e+03    1.10180e-05    3.74935e-06    1.46228e-05    4.97606e-06    7.92841e-06    2.69799e-06    1.83113e-05    6.23124e-06    5.90639e-06    2.00991e-06    7.59348e-06    2.58402e-06    0.00000e+00    2.90616e+03    8.25151e+02    3.57680e+02    8.97684e+01    5.60275e+01    3.88313e+02
  mc.p5.hnu.278.nodk            278        0.07728        0.27800        0.30261        0.00350        0.20207        0.00048        0.89017        0.01469     1874.82278       68.71486     1863.00000    6.58327e+02    3.25799e+03    1.10000e-05    3.74388e-06    1.46755e-05    4.99481e-06    7.99022e-06    2.71948e-06    1.82674e-05    6.21732e-06    5.95931e-06    2.02826e-06    1.01243e-05    3.44581e-06    0.00000e+00    2.85591e+03    9.56839e+02    3.51496e+02    8.82164e+01    6.14155e+01    4.07854e+02
  mc.p5.hnu.279.nodk            279        0.07784        0.27900        0.30385        0.00350        0.20355        0.00048        0.89683        0.01454     1917.34771       70.07716     1856.00000    6.67280e+02    3.27822e+03    1.11497e-05    3.79574e-06    1.47977e-05    5.03767e-06    8.08355e-06    2.75192e-06    1.83630e-05    6.25140e-06    6.01862e-06    2.04895e-06    7.18260e-06    2.44521e-06    0.00000e+00    2.98694e+03    9.66516e+02    3.67622e+02    9.22636e+01    6.86428e+01    4.28829e+02
  mc.p5.hnu.280.nodk            280        0.07840        0.28000        0.30338        0.00350        0.20428        0.00048        0.88889        0.01499     1914.33122       68.68902     1860.00000    6.55415e+02    3.20843e+03    1.09514e-05    3.72946e-06    1.45870e-05    4.96756e-06    7.90342e-06    2.69148e-06    1.81399e-05    6.17749e-06    5.86368e-06    1.99686e-06    7.36165e-06    2.50698e-06    0.00000e+00    2.69697e+03    1.04207e+03    3.66466e+02    9.19735e+01    7.49196e+01    4.45780e+02
  mc.p5.hnu.281.nodk            281        0.07896        0.28100        0.30366        0.00350        0.20517        0.00048        0.88845        0.01490     1905.04209       68.19565     1884.00000    6.50212e+02    3.16918e+03    1.08644e-05    3.70135e-06    1.44024e-05    4.90666e-06    7.82536e-06    2.66598e-06    1.80223e-05    6.13994e-06    5.79606e-06    1.97463e-06    9.27187e-06    3.15878e-06    0.00000e+00    2.67086e+03    1.02116e+03    3.62919e+02    9.10831e+01    7.15742e+01    4.33044e+02
  mc.p5.hnu.282.nodk            282        0.07952        0.28200        0.30453        0.00330        0.19798        0.00048        0.89056        0.01553     1803.92097       62.07309     1772.00000    6.21674e+02    3.14012e+03    1.03876e-05    3.54063e-06    1.40565e-05    4.79117e-06    7.41807e-06    2.52846e-06    1.76402e-05    6.01268e-06    5.42446e-06    1.84893e-06    8.08617e-06    2.75618e-06    0.00000e+00    2.00366e+03    9.90033e+02    3.25413e+02    8.16702e+01    5.86567e+01    3.93639e+02
  mc.p5.hnu.283.nodk            283        0.08009        0.28300        0.30474        0.00350        0.20634        0.00049        0.87475        0.01588     1862.21613       64.56346     1888.00000    6.19374e+02    3.00178e+03    1.03492e-05    3.52954e-06    1.38685e-05    4.72978e-06    7.40939e-06    2.52694e-06    1.73877e-05    5.92998e-06    5.42723e-06    1.85093e-06    1.24772e-05    4.25527e-06    0.00000e+00    2.13525e+03    1.14339e+03    3.46785e+02    8.70340e+01    5.80905e+01    3.97893e+02
  mc.p5.hnu.284.nodk            284        0.08066        0.28400        0.30494        0.00330        0.19951        0.00048        0.87841        0.01601     1769.13292       61.17327     1819.00000    6.12858e+02    3.07184e+03    1.02403e-05    3.49468e-06    1.37972e-05    4.70853e-06    7.27902e-06    2.48409e-06    1.73539e-05    5.92233e-06    5.33744e-06    1.82149e-06    1.44747e-05    4.93973e-06    0.00000e+00    1.92712e+03    1.03950e+03    3.12983e+02    7.85506e+01    4.31113e+01    3.40904e+02
  mc.p5.hnu.285.nodk            285        0.08123        0.28500        0.30565        0.00330        0.20083        0.00048        0.87526        0.01610     1783.11556       61.19337     1855.00000    6.09836e+02    3.03663e+03    1.01898e-05    3.48001e-06    1.37233e-05    4.68675e-06    7.19017e-06    2.45558e-06    1.72565e-05    5.89340e-06    5.27937e-06    1.80300e-06    1.62470e-05    5.54864e-06    0.00000e+00    1.78388e+03    1.07599e+03    3.17950e+02    7.97972e+01    6.36284e+01    4.23379e+02
  mc.p5.hnu.286.nodk            286        0.08180        0.28600        0.30578        0.00330        0.20159        0.00048        0.87474        0.01616     1797.44515       61.20031     1853.00000    6.06722e+02    3.00971e+03    1.01378e-05    3.46508e-06    1.36577e-05    4.66818e-06    7.21402e-06    2.46574e-06    1.72613e-05    5.89990e-06    5.25920e-06    1.79759e-06    1.48310e-05    5.06922e-06    0.00000e+00    1.69867e+03    1.10319e+03    3.23081e+02    8.10849e+01    7.56234e+01    4.63830e+02
  mc.p5.hnu.287.nodk            287        0.08237        0.28700        0.30588        0.00330        0.20236        0.00048        0.88542        0.01558     1834.10267       61.56133     1851.00000    6.10527e+02    3.01704e+03    1.02014e-05    3.48996e-06    1.37078e-05    4.68953e-06    7.21950e-06    2.46985e-06    1.72974e-05    5.91757e-06    5.27645e-06    1.80511e-06    1.16206e-05    3.97551e-06    0.00000e+00    1.76866e+03    1.04124e+03    3.36393e+02    8.44260e+01    7.92457e+01    4.79829e+02
  mc.p5.hnu.288.nodk            288        0.08294        0.28800        0.30735        0.00330        0.20421        0.00048        0.89813        0.01483     1870.28012       61.68723     1872.00000    6.06902e+02    2.97194e+03    1.01408e-05    3.47268e-06    1.36978e-05    4.69079e-06    7.18831e-06    2.46162e-06    1.72548e-05    5.90885e-06    5.22546e-06    1.78944e-06    1.03062e-05    3.52932e-06    0.00000e+00    1.83912e+03    9.53907e+02    3.49795e+02    8.77894e+01    8.11359e+01    4.93566e+02
  mc.p5.hnu.289.nodk            289        0.08352        0.28900        0.30742        0.00330        0.20476        0.00048        0.90138        0.01423     1881.76373       59.32294     1893.00000    5.88146e+02    2.87231e+03    9.82739e-06    3.36900e-06    1.34581e-05    4.61367e-06    6.90974e-06    2.36877e-06    1.70064e-05    5.83008e-06    5.02822e-06    1.72376e-06    1.08174e-05    3.70840e-06    0.00000e+00    1.62410e+03    8.82318e+02    3.54103e+02    8.88708e+01    7.96545e+01    4.90165e+02
  mc.p5.hnu.290.nodk            290        0.08410        0.29000        0.30851        0.00330        0.20647        0.00049        0.91245        0.01344     1903.26140       58.99732     1925.00000    5.84845e+02    2.83265e+03    9.77224e-06    3.35400e-06    1.32914e-05    4.56185e-06    6.81181e-06    2.33793e-06    1.68925e-05    5.79778e-06    4.95770e-06    1.70157e-06    1.15728e-05    3.97197e-06    0.00000e+00    1.66142e+03    7.86222e+02    3.62240e+02    9.09129e+01    8.32445e+01    4.96644e+02
  mc.p5.hnu.291.nodk            291        0.08468        0.29100        0.30837        0.00330        0.20664        0.00049        0.91245        0.01344     1892.75421       56.63942     1913.00000    5.66457e+02    2.74125e+03    9.46499e-06    3.25263e-06    1.30639e-05    4.48940e-06    6.58978e-06    2.26457e-06    1.65811e-05    5.69807e-06    4.72803e-06    1.62478e-06    1.11826e-05    3.84288e-06    0.00000e+00    1.42512e+03    7.77565e+02    3.58252e+02    8.99119e+01    7.65590e+01    4.80612e+02
  mc.p5.hnu.292.nodk            292        0.08526        0.29200        0.30951        0.00330        0.20860        0.00049        0.91715        0.01307     1905.13233       56.45716     1910.00000    5.63710e+02    2.70239e+03    9.41909e-06    3.24122e-06    1.29035e-05    4.44024e-06    6.50118e-06    2.23713e-06    1.64688e-05    5.66709e-06    4.66559e-06    1.60548e-06    9.82426e-06    3.38064e-06    0.00000e+00    1.44383e+03    7.36839e+02    3.62953e+02    9.10917e+01    7.14788e+01    4.81222e+02
  mc.p5.hnu.293.nodk            293        0.08585        0.29300        0.30996        0.00330        0.20982        0.00049        0.91461        0.01313     1892.22354       54.13756     1852.00000    5.45058e+02    2.59772e+03    9.10742e-06    3.13848e-06    1.25725e-05    4.33257e-06    6.22495e-06    2.14516e-06    1.61182e-05    5.55444e-06    4.46824e-06    1.53979e-06    6.43584e-06    2.21784e-06    0.00000e+00    1.24000e+03    7.37444e+02    3.58051e+02    8.98615e+01    5.73610e+01    4.48158e+02
  mc.p5.hnu.294.nodk            294        0.08644        0.29400        0.30972        0.00330        0.20990        0.00049        0.90656        0.01397     1888.46416       55.39783     1829.00000    5.51166e+02    2.62582e+03    9.20949e-06    3.17852e-06    1.26727e-05    4.37378e-06    6.37897e-06    2.20161e-06    1.62163e-05    5.59681e-06    4.55845e-06    1.57328e-06    5.61157e-06    1.93675e-06    0.00000e+00    1.23508e+03    8.47254e+02    3.56630e+02    8.95048e+01    6.13653e+01    4.79088e+02
  mc.p5.hnu.295.nodk            295        0.08702        0.29500        0.30936        0.00310        0.20222        0.00048        0.89593        0.01565     1763.64617       52.73226     1691.00000    5.46843e+02    2.70414e+03    9.13726e-06    3.15871e-06    1.26500e-05    4.37307e-06    6.28381e-06    2.17229e-06    1.61628e-05    5.58742e-06    4.49941e-06    1.55543e-06    4.92335e-06    1.70198e-06    0.00000e+00    9.20984e+02    9.49687e+02    3.11045e+02    7.80641e+01    5.08269e+01    4.70085e+02
  mc.p5.hnu.299.nodk            299        0.08940        0.29900        0.31194        0.00310        0.20537        0.00048        0.89189        0.01586     1761.36963       52.24434     1770.00000    5.36644e+02    2.61301e+03    8.96683e-06    3.12302e-06    1.24261e-05    4.32784e-06    6.15253e-06    2.14284e-06    1.58853e-05    5.53262e-06    4.39722e-06    1.53149e-06    9.70810e-06    3.38119e-06    0.00000e+00    7.53191e+02    9.81178e+02    3.10242e+02    7.78627e+01    4.56115e+01    5.61385e+02
  mc.p5.hnu.300.nodk            300        0.09000        0.30000        0.31214        0.00310        0.20799        0.00049        0.88937        0.01569     1746.89050       51.37601     1762.00000    5.21197e+02    2.50587e+03    8.70873e-06    3.03954e-06    1.21248e-05    4.23182e-06    6.00359e-06    2.09539e-06    1.55410e-05    5.42415e-06    4.27507e-06    1.49210e-06    1.00099e-05    3.49369e-06    0.00000e+00    7.40859e+02    9.49993e+02    3.05163e+02    7.65879e+01    2.89785e+01    5.37914e+02
  mc.p5.hnu.301.nodk            301        0.09060        0.30100        0.31319        0.00310        0.20878        0.00049        0.89107        0.01563     1741.26234       50.92200     1742.00000    5.19159e+02    2.48659e+03    8.67467e-06    3.03437e-06    1.19972e-05    4.19659e-06    5.91320e-06    2.06842e-06    1.54007e-05    5.38710e-06    4.20619e-06    1.47131e-06    8.75565e-06    3.06270e-06    0.00000e+00    7.36093e+02    9.32875e+02    3.03199e+02    7.60952e+01    2.03807e+01    5.24406e+02
  mc.p5.hnu.302.nodk            302        0.09120        0.30200        0.31303        0.00310        0.20948        0.00049        0.88382        0.01563     1724.65119       49.72295     1757.00000    5.07344e+02    2.42191e+03    8.47727e-06    2.97220e-06    1.18700e-05    4.16174e-06    5.79675e-06    2.03239e-06    1.51820e-05    5.32293e-06    4.10277e-06    1.43847e-06    1.11430e-05    3.90683e-06    0.00000e+00    5.90129e+02    9.30299e+02    2.97442e+02    7.46502e+01    2.15668e+01    5.58284e+02
  mc.p5.hnu.304.nodk            304        0.09242        0.30400        0.31395        0.00310        0.21179        0.00049        0.88998        0.01485     1768.21071       50.35371     1779.00000    5.10263e+02    2.40929e+03    8.52604e-06    3.00415e-06    1.18814e-05    4.18643e-06    5.80436e-06    2.04517e-06    1.52367e-05    5.36867e-06    4.12493e-06    1.45342e-06    9.40487e-06    3.31381e-06    0.00000e+00    5.40054e+02    8.70564e+02    3.12657e+02    7.84687e+01    3.14969e+01    7.02256e+02
  mc.p5.hnu.305.nodk            305        0.09302        0.30500        0.31450        0.00310        0.21363        0.00049        0.88281        0.01519     1769.17305       51.78099     1786.00000    5.14527e+02    2.40847e+03    8.59728e-06    3.03726e-06    1.19230e-05    4.21218e-06    5.88868e-06    2.08036e-06    1.52487e-05    5.38708e-06    4.20275e-06    1.48475e-06    9.94345e-06    3.51283e-06    0.00000e+00    5.40642e+02    9.26513e+02    3.12997e+02    7.85542e+01    4.31405e+01    7.79424e+02
  mc.p5.hnu.306.nodk            306        0.09364        0.30600        0.31518        0.00310        0.21436        0.00049        0.88109        0.01526     1778.43217       52.67366     1804.00000    5.17389e+02    2.41365e+03    8.64511e-06    3.06256e-06    1.19591e-05    4.23656e-06    5.94679e-06    2.10667e-06    1.52730e-05    5.41051e-06    4.25811e-06    1.50845e-06    1.06966e-05    3.78932e-06    0.00000e+00    4.83535e+02    9.49066e+02    3.16282e+02    7.93786e+01    5.53330e+01    8.90919e+02
  mc.p5.hnu.307.nodk            307        0.09425        0.30700        0.31513        0.00290        0.20585        0.00048        0.88125        0.01580     1666.47072       49.69608     1677.00000    5.13383e+02    2.49400e+03    8.57817e-06    3.04755e-06    1.19490e-05    4.24511e-06    5.84905e-06    2.07798e-06    1.53197e-05    5.44262e-06    4.16191e-06    1.47860e-06    9.48251e-06    3.36884e-06    0.00000e+00    3.34696e+02    8.93156e+02    2.77712e+02    6.96986e+01    4.35255e+01    8.50912e+02
  mc.p5.hnu.308.nodk            308        0.09486        0.30800        0.31597        0.00290        0.20679        0.00049        0.87368        0.01629     1661.71474       50.38465     1671.00000    5.13773e+02    2.48453e+03    8.58469e-06    3.05895e-06    1.19398e-05    4.25448e-06    5.87084e-06    2.09194e-06    1.52949e-05    5.44997e-06    4.21886e-06    1.50329e-06    9.40289e-06    3.35050e-06    0.00000e+00    3.32788e+02    9.60026e+02    2.76130e+02    6.93013e+01    4.35773e+01    8.56791e+02
  mc.p5.hnu.309.nodk            309        0.09548        0.30900        0.31590        0.00290        0.20795        0.00049        0.88347        0.01582     1663.42779       49.87492     1670.00000    5.09309e+02    2.44924e+03    8.51009e-06    3.04176e-06    1.18467e-05    4.23438e-06    5.80624e-06    2.07532e-06    1.51021e-05    5.39795e-06    4.13308e-06    1.47729e-06    9.07969e-06    3.24535e-06    0.00000e+00    3.33474e+02    8.87781e+02    2.76699e+02    6.94443e+01    3.74798e+01    8.82629e+02
  mc.p5.hnu.310.nodk            310        0.09610        0.31000        0.31761        0.00290        0.21024        0.00049        0.90426        0.01464     1704.02361       49.34965     1683.00000    5.05045e+02    2.40226e+03    8.43884e-06    3.02598e-06    1.17394e-05    4.20950e-06    5.70248e-06    2.04478e-06    1.50397e-05    5.39292e-06    4.06131e-06    1.45630e-06    6.91398e-06    2.47920e-06    0.00000e+00    4.10276e+02    7.60875e+02    2.90370e+02    7.28752e+01    2.79509e+01    8.73041e+02
  mc.p5.hnu.311.nodk            311        0.09672        0.31100        0.31876        0.00290        0.21173        0.00049        0.90397        0.01451     1700.39611       49.51175     1670.00000    5.00449e+02    2.36364e+03    8.36205e-06    3.00844e-06    1.16392e-05    4.18746e-06    5.70566e-06    2.05274e-06    1.49163e-05    5.36649e-06    4.03101e-06    1.45025e-06    6.30403e-06    2.26802e-06    0.00000e+00    4.34644e+02    7.44709e+02    2.89135e+02    7.25653e+01    2.82115e+01    8.82149e+02
  mc.p5.hnu.312.nodk            312        0.09734        0.31200        0.31901        0.00290        0.21317        0.00049        0.89218        0.01532     1692.66562       51.22747     1712.00000    5.05508e+02    2.37139e+03    8.44658e-06    3.04936e-06    1.17007e-05    4.22414e-06    5.80509e-06    2.09573e-06    1.49548e-05    5.39894e-06    4.15462e-06    1.49989e-06    1.00338e-05    3.62238e-06    0.00000e+00    4.30701e+02    8.44469e+02    2.86512e+02    7.19070e+01    3.22556e+01    9.58409e+02
  mc.p5.hnu.313.nodk            313        0.09797        0.31300        0.31804        0.00290        0.21309        0.00049        0.89518        0.01507     1695.67667       51.01469     1682.00000    5.04545e+02    2.36772e+03    8.43050e-06    3.05445e-06    1.16858e-05    4.23387e-06    5.78956e-06    2.09761e-06    1.50206e-05    5.44211e-06    4.14124e-06    1.50041e-06    7.46623e-06    2.70508e-06    0.00000e+00    4.32235e+02    8.15240e+02    2.87532e+02    7.21630e+01    2.38811e+01    9.71448e+02
  mc.p5.hnu.314.nodk            314        0.09860        0.31400        0.31826        0.00290        0.21441        0.00049        0.87924        0.01605     1685.43395       53.38671     1726.00000    5.16182e+02    2.40741e+03    8.62493e-06    3.13648e-06    1.18593e-05    4.31266e-06    5.97928e-06    2.17438e-06    1.50935e-05    5.48880e-06    4.30502e-06    1.56553e-06    1.18593e-05    4.31266e-06    0.00000e+00    3.93307e+02    9.47086e+02    2.84069e+02    7.12939e+01    4.83282e+01    1.10606e+03
  mc.p5.hnu.315.nodk            315        0.09923        0.31500        0.31929        0.00290        0.21533        0.00049        0.87846        0.01615     1690.66290       54.75728     1800.00000    5.21500e+02    2.42186e+03    8.71379e-06    3.18095e-06    1.19336e-05    4.35634e-06    6.07688e-06    2.21835e-06    1.51535e-05    5.53174e-06    4.39498e-06    1.60438e-06    1.73523e-05    6.33442e-06    0.00000e+00    4.27792e+02    9.66088e+02    2.85834e+02    7.17369e+01    5.69829e+01    1.18993e+03
  mc.p5.hnu.316.nodk            316        0.09986        0.31600        0.31986        0.00290        0.21687        0.00049        0.86957        0.01678     1671.60569       55.68207     1813.00000    5.22604e+02    2.40978e+03    8.73224e-06    3.20034e-06    1.19289e-05    4.37191e-06    6.10800e-06    2.23856e-06    1.51256e-05    5.54349e-06    4.42686e-06    1.62243e-06    1.98034e-05    7.25787e-06    7.46173e-07    4.18202e+02    1.04100e+03    2.79427e+02    7.01288e+01    5.49206e+01    1.23682e+03
  mc.p5.hnu.318.nodk            318        0.10112        0.31800        0.32040        0.00270        0.20934        0.00049        0.90073        0.01593     1596.73261       50.70017     1672.00000    5.05351e+02    2.41396e+03    8.44395e-06    3.12056e-06    1.16774e-05    4.31553e-06    5.81752e-06    2.14993e-06    1.49109e-05    5.51052e-06    4.17069e-06    1.54133e-06    1.45876e-05    5.39102e-06    0.00000e+00    2.73233e+02    7.97012e+02    2.54956e+02    6.39872e+01    3.79421e+01    1.14338e+03
  mc.p5.hnu.319.nodk            319        0.10176        0.31900        0.32164        0.00270        0.21117        0.00049        0.91148        0.01509     1628.12010       49.81182     1657.00000    5.00454e+02    2.36988e+03    8.36214e-06    3.10387e-06    1.15681e-05    4.29388e-06    5.69347e-06    2.11331e-06    1.47737e-05    5.48373e-06    4.07673e-06    1.51321e-06    1.06865e-05    3.96663e-06    0.00000e+00    2.00233e+02    7.26818e+02    2.65078e+02    6.65276e+01    3.26134e+01    1.18995e+03
  mc.p5.hnu.320.nodk            320        0.10240        0.32000        0.32249        0.00270        0.21321        0.00049        0.93039        0.01343     1689.19220       49.95234     1598.00000    4.99857e+02    2.34442e+03    8.35216e-06    3.11420e-06    1.16065e-05    4.32761e-06    5.70631e-06    2.12766e-06    1.48606e-05    5.54096e-06    4.03441e-06    1.50427e-06    3.80161e-06    1.41747e-06    0.00000e+00    2.15537e+02    5.94359e+02    2.85337e+02    7.16122e+01    4.63374e+01    1.28205e+03
  mc.p5.hnu.321.nodk            321        0.10304        0.32100        0.32207        0.00270        0.21331        0.00049        0.92971        0.01332     1728.08175       52.11372     1624.00000    5.15316e+02    2.41578e+03    8.61047e-06    3.22551e-06    1.18620e-05    4.44357e-06    5.89558e-06    2.20851e-06    1.51926e-05    5.69119e-06    4.20614e-06    1.57564e-06    3.65092e-06    1.36765e-06    0.00000e+00    2.25575e+02    6.12680e+02    2.98627e+02    7.49475e+01    8.79059e+01    1.41610e+03
  mc.p5.hnu.322.nodk            322        0.10368        0.32200        0.32162        0.00270        0.21389        0.00049        0.93160        0.01345     1768.93963       53.16485     1628.00000    5.18532e+02    2.42431e+03    8.66420e-06    3.26130e-06    1.19851e-05    4.51132e-06    5.97148e-06    2.24773e-06    1.53851e-05    5.79114e-06    4.28342e-06    1.61233e-06    2.98149e-06    1.12226e-06    0.00000e+00    1.49011e+02    6.52124e+02    3.12915e+02    7.85335e+01    1.33951e+02    1.49997e+03
  mc.p5.hnu.324.nodk            324        0.10498        0.32400        0.32426        0.00270        0.21763        0.00049        0.92982        0.01307     1734.30635       52.00311     1675.00000    5.03754e+02    2.31472e+03    8.41727e-06    3.20047e-06    1.16044e-05    4.41228e-06    5.76284e-06    2.19119e-06    1.48689e-05    5.65353e-06    4.14256e-06    1.57511e-06    4.99486e-06    1.89918e-06    0.00000e+00    7.48561e+01    5.94092e+02    3.00782e+02    7.54884e+01    1.05484e+02    1.55362e+03
  mc.p5.hnu.325.nodk            325        0.10563        0.32500        0.32464        0.00270        0.21844        0.00050        0.90832        0.01439     1669.42883       52.20993     1691.00000    4.98824e+02    2.28358e+03    8.33489e-06    3.18593e-06    1.15102e-05    4.39967e-06    5.74595e-06    2.19633e-06    1.46856e-05    5.61341e-06    4.12036e-06    1.57497e-06    1.00387e-05    3.83721e-06    0.00000e+00    6.93604e+01    6.99883e+02    2.78699e+02    6.99463e+01    6.49570e+01    1.54303e+03
  mc.p5.hnu.326.nodk            326        0.10628        0.32600        0.32469        0.00270        0.22088        0.00050        0.91416        0.01405     1662.84109       52.10922     1649.00000    4.90468e+02    2.22050e+03    8.19527e-06    3.14967e-06    1.13354e-05    4.35652e-06    5.69651e-06    2.18933e-06    1.44757e-05    5.56341e-06    4.07985e-06    1.56800e-06    7.26600e-06    2.79252e-06    0.00000e+00    7.01398e+01    6.53464e+02    2.76504e+02    6.93953e+01    5.51136e+01    1.59075e+03
  mc.p5.hnu.327.nodk            327        0.10693        0.32700        0.32520        0.00270        0.22223        0.00050        0.89616        0.01562     1630.51415       53.40493     1618.00000    4.94709e+02    2.22609e+03    8.26614e-06    3.19479e-06    1.13108e-05    4.37152e-06    5.76816e-06    2.22935e-06    1.44315e-05    5.57763e-06    4.14184e-06    1.60078e-06    7.40619e-06    2.86243e-06    0.00000e+00    4.76112e+01    8.07839e+02    2.65858e+02    6.67233e+01    4.57994e+01    1.61826e+03
  mc.p5.hnu.328.nodk            328        0.10758        0.32800        0.32532        0.00250        0.21198        0.00049        0.87468        0.01802     1461.68624       51.72598     1480.00000    4.97354e+02    2.34622e+03    8.31033e-06    3.23051e-06    1.13441e-05    4.40986e-06    5.82071e-06    2.26271e-06    1.44577e-05    5.62021e-06    4.22244e-06    1.64141e-06    9.82715e-06    3.82016e-06    0.00000e+00    3.82621e+01    9.06410e+02    2.13653e+02    5.36213e+01    3.19251e+01    1.43171e+03
  mc.p5.hnu.329.nodk            329        0.10824        0.32900        0.32540        0.00250        0.21264        0.00049        0.88114        0.01774     1463.90280       51.34296     1491.00000    4.92567e+02    2.31646e+03    8.23034e-06    3.21856e-06    1.13344e-05    4.43242e-06    5.75636e-06    2.25109e-06    1.43589e-05    5.61521e-06    4.17212e-06    1.63155e-06    1.04588e-05    4.09002e-06    0.00000e+00    3.83782e+01    8.68457e+02    2.14301e+02    5.37840e+01    2.76776e+01    1.43350e+03
  mc.p5.hnu.330.nodk            330        0.10890        0.33000        0.32662        0.00250        0.21580        0.00049        0.87563        0.01789     1437.57735       51.67438     1523.00000    4.87296e+02    2.25807e+03    8.14228e-06    3.20376e-06    1.11225e-05    4.37640e-06    5.69547e-06    2.24101e-06    1.41025e-05    5.54896e-06    4.12714e-06    1.62392e-06    1.48868e-05    5.85753e-06    0.00000e+00    7.39399e+01    8.62473e+02    2.06663e+02    5.18670e+01    2.54940e+01    1.44980e+03
  mc.p5.hnu.331.nodk            331        0.10956        0.33100        0.32636        0.00250        0.21615        0.00049        0.88862        0.01669     1498.31838       52.92745     1551.00000    4.98970e+02    2.30844e+03    8.33733e-06    3.30135e-06    1.13902e-05    4.51022e-06    5.82536e-06    2.30668e-06    1.43648e-05    5.68808e-06    4.21710e-06    1.66986e-06    1.24862e-05    4.94418e-06    0.00000e+00    8.03201e+01    7.91809e+02    2.24496e+02    5.63426e+01    4.34860e+01    1.60486e+03
  mc.p5.hnu.332.nodk            332        0.11022        0.33200        0.32706        0.00250        0.21787        0.00049        0.89703        0.01568     1532.19543       54.21574     1557.00000    5.05377e+02    2.31963e+03    8.44440e-06    3.36565e-06    1.14725e-05    4.57255e-06    5.93985e-06    2.36742e-06    1.45005e-05    5.77939e-06    4.28845e-06    1.70923e-06    1.03855e-05    4.13931e-06    0.00000e+00    8.39933e+01    7.17560e+02    2.34762e+02    5.89192e+01    6.45989e+01    1.77951e+03
  mc.p5.hnu.333.nodk            333        0.11089        0.33300        0.32692        0.00250        0.21891        0.00050        0.90046        0.01556     1558.07585       55.58818     1568.00000    5.13335e+02    2.34501e+03    8.57736e-06    3.44171e-06    1.15904e-05    4.65072e-06    6.02111e-06    2.41600e-06    1.46806e-05    5.89068e-06    4.40581e-06    1.76785e-06    9.34993e-06    3.75171e-06    0.00000e+00    8.68547e+01    7.25063e+02    2.42760e+02    6.09264e+01    7.09483e+01    1.90349e+03
  mc.p5.hnu.334.nodk            334        0.11156        0.33400        0.32764        0.00250        0.22096        0.00050        0.91415        0.01466     1596.64205       56.28186     1583.00000    5.12276e+02    2.31840e+03    8.55967e-06    3.45850e-06    1.16206e-05    4.69527e-06    6.03582e-06    2.43875e-06    1.46817e-05    5.93206e-06    4.40052e-06    1.77801e-06    7.62671e-06    3.08154e-06    0.00000e+00    4.28599e+01    6.55455e+02    2.54927e+02    6.39799e+01    8.17872e+01    2.06864e+03
  mc.p5.hnu.335.nodk            335        0.11223        0.33500        0.32777        0.00250        0.22158        0.00050        0.90521        0.01545     1545.89616       56.53636     1574.00000    5.08472e+02    2.29479e+03    8.49611e-06    3.45742e-06    1.15486e-05    4.69959e-06    6.03754e-06    2.45693e-06    1.45249e-05    5.91077e-06    4.42788e-06    1.80189e-06    1.07091e-05    4.35797e-06    0.00000e+00    4.01788e+01    6.95794e+02    2.38979e+02    5.99776e+01    5.04503e+01    2.11098e+03
  mc.p5.hnu.336.nodk            336        0.11290        0.33600        0.32705        0.00250        0.22230        0.00050        0.89880        0.01601     1513.32362       56.89160     1597.00000    5.09804e+02    2.29334e+03    8.51836e-06    3.49207e-06    1.14850e-05    4.70825e-06    6.05323e-06    2.48150e-06    1.44517e-05    5.92441e-06    4.43742e-06    1.81911e-06    1.49080e-05    6.11150e-06    0.00000e+00    3.85035e+01    7.26635e+02    2.29015e+02    5.74768e+01    4.02630e+01    2.14476e+03
  mc.p5.hnu.337.nodk            337        0.11357        0.33700        0.32841        0.00250        0.22533        0.00050        0.88009        0.01658     1467.31695       57.37202     1561.00000    5.03403e+02    2.23408e+03    8.41141e-06    3.47447e-06    1.12631e-05    4.65242e-06    6.02967e-06    2.49065e-06    1.41148e-05    5.83034e-06    4.41623e-06    1.82420e-06    1.54655e-05    6.38828e-06    0.00000e+00    3.61980e+01    7.64036e+02    2.15302e+02    5.40352e+01    2.48255e+01    2.19715e+03
  mc.p5.hnu.338.nodk            338        0.11424        0.33800        0.32872        0.00230        0.21417        0.00049        0.87529        0.01703     1335.92003       54.23268     1418.00000    4.99286e+02    2.33129e+03    8.34261e-06    3.47309e-06    1.12656e-05    4.68996e-06    5.98210e-06    2.49039e-06    1.41888e-05    5.90691e-06    4.38207e-06    1.82428e-06    1.48999e-05    6.20292e-06    0.00000e+00    2.19675e+00    6.75378e+02    1.78468e+02    4.47909e+01    2.30915e+01    2.01726e+03
  mc.p5.hnu.339.nodk            339        0.11492        0.33900        0.33026        0.00230        0.21651        0.00049        0.88164        0.01708     1359.73301       56.47801     1407.00000    5.10285e+02    2.35691e+03    8.52640e-06    3.57830e-06    1.14168e-05    4.79134e-06    6.12056e-06    2.56863e-06    1.43074e-05    6.00441e-06    4.52208e-06    1.89779e-06    1.22762e-05    5.15199e-06    0.00000e+00    2.27576e+00    6.93877e+02    1.84887e+02    4.64019e+01    2.23944e+01    2.23993e+03
  mc.p5.hnu.340.nodk            340        0.11560        0.34000        0.33027        0.00230        0.21795        0.00049        0.88175        0.01765     1367.18524       58.62907     1421.00000    5.23448e+02    2.40168e+03    8.74634e-06    3.70120e-06    1.16169e-05    4.91593e-06    6.33191e-06    2.67948e-06    1.44873e-05    6.13060e-06    4.70708e-06    1.99190e-06    1.29357e-05    5.47403e-06    0.00000e+00    2.30077e+00    7.49181e+02    1.86920e+02    4.69119e+01    3.04969e+01    2.42156e+03
  mc.p5.hnu.342.nodk            342        0.11696        0.34200        0.33171        0.00230        0.22214        0.00050        0.87080        0.01834     1324.75957       60.11557     1448.00000    5.18019e+02    2.33195e+03    8.65563e-06    3.72703e-06    1.14714e-05    4.93947e-06    6.34728e-06    2.73308e-06    1.42111e-05    6.11919e-06    4.73221e-06    2.03764e-06    1.80923e-05    7.79036e-06    2.09516e-07    7.02167e+00    7.78037e+02    1.75499e+02    4.40456e+01    2.47374e+01    2.58454e+03
  mc.p5.hnu.343.nodk            343        0.11765        0.34300        0.33234        0.00230        0.22332        0.00050        0.88148        0.01729     1378.49628       62.13480     1443.00000    5.31970e+02    2.38212e+03    8.88873e-06    3.86239e-06    1.16888e-05    5.07910e-06    6.52242e-06    2.83417e-06    1.44889e-05    6.29579e-06    4.90108e-06    2.12965e-06    1.38078e-05    5.99985e-06    0.00000e+00    7.60287e+00    7.31197e+02    1.90025e+02    4.76914e+01    1.72067e+01    2.86701e+03
  mc.p5.hnu.344.nodk            344        0.11834        0.34400        0.33283        0.00230        0.22520        0.00050        0.89242        0.01654     1440.54446       64.96392     1455.00000    5.48126e+02    2.43391e+03    9.15869e-06    4.01723e-06    1.20091e-05    5.26751e-06    6.74558e-06    2.95878e-06    1.48596e-05    6.51777e-06    5.08407e-06    2.23000e-06    1.02838e-05    4.51074e-06    0.00000e+00    8.30271e+00    7.12991e+02    2.07517e+02    5.20813e+01    3.86578e+01    3.20076e+03
  mc.p5.hnu.345.nodk            345        0.11903        0.34500        0.33213        0.00230        0.22655        0.00050        0.90120        0.01585     1467.12760       67.60973     1450.00000    5.64585e+02    2.49207e+03    9.43370e-06    4.17813e-06    1.22663e-05    5.43267e-06    6.96071e-06    3.08285e-06    1.50988e-05    6.68716e-06    5.28860e-06    2.34229e-06    8.25110e-06    3.65436e-06    0.00000e+00    3.38987e+00    6.66039e+02    2.15246e+02    5.40212e+01    4.44036e+01    3.58798e+03
  mc.p5.hnu.346.nodk            346        0.11972        0.34600        0.33376        0.00230        0.22895        0.00050        0.89623        0.01599     1470.69999       71.23673     1495.00000    5.79046e+02    2.52909e+03    9.67534e-06    4.32819e-06    1.25506e-05    5.61444e-06    7.27778e-06    3.25566e-06    1.53523e-05    6.86772e-06    5.57930e-06    2.49586e-06    1.15185e-05    5.15269e-06    0.00000e+00    3.40640e+00    6.88439e+02    2.16296e+02    5.42846e+01    6.33680e+01    4.04888e+03
  mc.p5.hnu.347.nodk            347        0.12041        0.34700        0.33428        0.00230        0.23101        0.00051        0.87529        0.01720     1434.89657       75.47448     1515.00000    5.98173e+02    2.58936e+03    9.99493e-06    4.51754e-06    1.27703e-05    5.77194e-06    7.66098e-06    3.46263e-06    1.55457e-05    7.02641e-06    5.92696e-06    2.67888e-06    1.59109e-05    7.19147e-06    0.00000e+00    3.24257e+00    7.94787e+02    2.05893e+02    5.16737e+01    8.88082e+01    4.55199e+03
  mc.p5.hnu.348.nodk            348        0.12110        0.34800        0.33557        0.00210        0.21931        0.00050        0.87404        0.01810     1295.06115       72.38038     1393.00000    6.06816e+02    2.76700e+03    1.01394e-05    4.63191e-06    1.29105e-05    5.89784e-06    7.73594e-06    3.53397e-06    1.56815e-05    7.16370e-06    5.99808e-06    2.74008e-06    1.76827e-05    8.07790e-06    0.00000e+00    5.76739e-01    7.19425e+02    1.67718e+02    4.20929e+01    8.18615e+01    4.22725e+03
  mc.p5.hnu.350.nodk            350        0.12250        0.35000        0.33554        0.00210        0.22221        0.00050        0.87705        0.01852     1273.92471       75.58505     1482.00000    6.15305e+02    2.76902e+03    1.02812e-05    4.80306e-06    1.30148e-05    6.08013e-06    7.97148e-06    3.72403e-06    1.57487e-05    7.35729e-06    6.22592e-06    2.90856e-06    2.61519e-05    1.22174e-05    2.41459e-06    6.98982e-02    7.23978e+02    1.62288e+02    4.07302e+01    2.44735e+01    4.76156e+03
  mc.p5.hnu.351.nodk            351        0.12320        0.35100        0.33399        0.00210        0.22332        0.00050        0.87805        0.01838     1363.73957       79.87542     1464.00000    6.45557e+02    2.89078e+03    1.07867e-05    5.09885e-06    1.35810e-05    6.41972e-06    8.35537e-06    3.94957e-06    1.63756e-05    7.74072e-06    6.56327e-06    3.10245e-06    1.84148e-05    8.70464e-06    0.00000e+00    8.01016e-02    8.15255e+02    1.85979e+02    4.66758e+01    4.30692e+01    5.28902e+03
  mc.p5.hnu.352.nodk            352        0.12390        0.35200        0.33366        0.00210        0.22409        0.00050        0.88976        0.01735     1414.12752       82.67506     1464.00000    6.66785e+02    2.97546e+03    1.11414e-05    5.33101e-06    1.39254e-05    6.66311e-06    8.64048e-06    4.13436e-06    1.67845e-05    8.03118e-06    6.79279e-06    3.25027e-06    1.49035e-05    7.13114e-06    0.00000e+00    4.13296e-04    7.60767e+02    1.99976e+02    5.01887e+01    7.91281e+01    5.74511e+03
  mc.p5.hnu.353.nodk            353        0.12461        0.35300        0.33303        0.00210        0.22533        0.00050        0.89474        0.01662     1452.94469       88.05419     1459.00000    6.96848e+02    3.09259e+03    1.16437e-05    5.64201e-06    1.45605e-05    7.05537e-06    9.15341e-06    4.43533e-06    1.74027e-05    8.43256e-06    7.28198e-06    3.52852e-06    1.21671e-05    5.89560e-06    0.00000e+00    4.36297e-04    7.28033e+02    2.11105e+02    5.29818e+01    1.13407e+02    6.64801e+03
  mc.p5.hnu.354.nodk            354        0.12532        0.35400        0.33136        0.00210        0.22713        0.00050        0.90355        0.01614     1419.65201       90.40984     1464.00000    7.07043e+02    3.11299e+03    1.18140e-05    5.79974e-06    1.46332e-05    7.18370e-06    9.33203e-06    4.58127e-06    1.74523e-05    8.56769e-06    7.49681e-06    3.68033e-06    1.51525e-05    7.43865e-06    0.00000e+00    4.16532e-04    6.43279e+02    2.01541e+02    5.05816e+01    6.00166e+01    7.21852e+03
  mc.p5.hnu.355.nodk            355        0.12602        0.35500        0.33079        0.00210        0.22845        0.00050        0.90716        0.01628     1402.78480       92.77298     1485.00000    7.17456e+02    3.14054e+03    1.19880e-05    5.96528e-06    1.47904e-05    7.35974e-06    9.57343e-06    4.76377e-06    1.75190e-05    8.71750e-06    7.67705e-06    3.82012e-06    1.81090e-05    9.01107e-06    0.00000e+00    7.30946e-02    6.33380e+02    1.96781e+02    4.93868e+01    2.56953e+01    7.70151e+03
  mc.p5.hnu.356.nodk            356        0.12674        0.35600        0.32861        0.00210        0.22825        0.00050        0.90404        0.01607     1385.71185       93.89566     1528.00000    7.25296e+02    3.17766e+03    1.21190e-05    6.11563e-06    1.48498e-05    7.49366e-06    9.69832e-06    4.89406e-06    1.76544e-05    8.90896e-06    7.83524e-06    3.95390e-06    2.26731e-05    1.14415e-05    0.00000e+00    9.80278e-03    6.06372e+02    1.92020e+02    4.81920e+01    3.36448e+01    7.93616e+03
  mc.p5.hnu.358.nodk            358        0.12816        0.35800        0.32114        0.00190        0.21238        0.00049        0.88175        0.01765     1196.94419       88.82759     1389.00000    7.34387e+02    3.45785e+03    1.22710e-05    6.37876e-06    1.50483e-05    7.82250e-06    9.87598e-06    5.13380e-06    1.78258e-05    9.26634e-06    7.97163e-06    4.14387e-06    2.75865e-05    1.43402e-05    1.37993e-06    7.31394e-03    5.74222e+02    1.43268e+02    3.59564e+01    2.99423e+01    7.10694e+03
  mc.p5.hnu.359.nodk            359        0.12888        0.35900        0.31627        0.00190        0.21169        0.00049        0.88889        0.01771     1169.66662       87.74866     1321.00000    7.29169e+02    3.44448e+03    1.21837e-05    6.43374e-06    1.48910e-05    7.86332e-06    9.77962e-06    5.16422e-06    1.76779e-05    9.33496e-06    7.92141e-06    4.18297e-06    2.42866e-05    1.28248e-05    0.00000e+00    4.03205e-03    5.43208e+02    1.36812e+02    3.43363e+01    1.89554e+01    6.96651e+03
  mc.p5.hnu.360.nodk            360        0.12960        0.36000        0.31084        0.00190        0.21045        0.00049        0.89714        0.01766     1195.23997       87.56912     1258.00000    7.35275e+02    3.49382e+03    1.22858e-05    6.59456e-06    1.50091e-05    8.05635e-06    9.79766e-06    5.25903e-06    1.78125e-05    9.56108e-06    7.93732e-06    4.26046e-06    1.73319e-05    9.30312e-06    0.00000e+00    7.02091e-01    5.53875e+02    1.42860e+02    3.58541e+01    2.49678e+01    6.91009e+03
  mc.p5.hnu.361.nodk            361        0.13032        0.36100        0.30563        0.00190        0.20854        0.00049        0.88496        0.01880     1150.64866       88.74118     1217.00000    7.46757e+02    3.58084e+03    1.24776e-05    6.81257e-06    1.52256e-05    8.31290e-06    1.00345e-05    5.47866e-06    1.79735e-05    9.81323e-06    8.14138e-06    4.44505e-06    1.78927e-05    9.76910e-06    0.00000e+00    6.50681e-01    5.97501e+02    1.32399e+02    3.32288e+01    5.17475e+01    7.05947e+03
  mc.p5.hnu.362.nodk            362        0.13104        0.36200        0.29989        0.00190        0.20711        0.00049        0.90725        0.01707     1144.74656       85.82115     1198.00000    7.29614e+02    3.52287e+03    1.21912e-05    6.77544e-06    1.49588e-05    8.31360e-06    9.74120e-06    5.41382e-06    1.77265e-05    9.85178e-06    7.90693e-06    4.39440e-06    1.65869e-05    9.21842e-06    0.00000e+00    3.05468e+00    4.63898e+02    1.31044e+02    3.28888e+01    3.82850e+01    6.69610e+03
  mc.p5.hnu.363.nodk            363        0.13177        0.36300        0.29370        0.00190        0.20552        0.00048        0.89286        0.01836     1081.50003       83.51962     1211.00000    7.16527e+02    3.48636e+03    1.19725e-05    6.77842e-06    1.46802e-05    8.31144e-06    9.57078e-06    5.41864e-06    1.73879e-05    9.84443e-06    7.72375e-06    4.37292e-06    2.26390e-05    1.28174e-05    0.00000e+00    4.02245e+00    4.94517e+02    1.16964e+02    2.93550e+01    3.15298e+01    6.29914e+03
  mc.p5.hnu.364.nodk            364        0.13250        0.36400        0.28602        0.00170        0.18805        0.00047        0.89420        0.01967      920.85898       72.72877     1060.00000    6.85434e+02    3.64498e+03    1.14530e-05    6.61119e-06    1.42363e-05    8.21784e-06    9.08205e-06    5.24258e-06    1.69300e-05    9.77278e-06    7.27807e-06    4.20124e-06    2.40231e-05    1.38672e-05    4.21703e-07    2.91624e+00    4.10431e+02    8.47981e+01    2.12821e+01    4.43792e+01    4.72567e+03
  mc.p5.hnu.365.nodk            365        0.13322        0.36500        0.27821        0.00170        0.18523        0.00047        0.90210        0.01932      937.81287       71.10153     1056.00000    6.83810e+02    3.69166e+03    1.14258e-05    6.73075e-06    1.42520e-05    8.39560e-06    9.02316e-06    5.31537e-06    1.70784e-05    1.00606e-05    7.15311e-06    4.21376e-06    2.22750e-05    1.31218e-05    0.00000e+00    3.02461e+00    4.03456e+02    8.79493e+01    2.20730e+01    4.28866e+01    4.49604e+03
  mc.p5.hnu.366.nodk            366        0.13396        0.36600        0.26676        0.00170        0.18078        0.00046        0.90941        0.01869      961.55681       66.78099     1015.00000    6.67739e+02    3.69375e+03    1.11573e-05    6.71394e-06    1.40549e-05    8.45755e-06    8.63491e-06    5.19608e-06    1.69524e-05    1.02012e-05    6.77596e-06    4.07745e-06    1.62046e-05    9.75118e-06    0.00000e+00    4.59393e+00    3.90480e+02    9.24592e+01    2.32048e+01    6.08785e+01    3.88808e+03
  mc.p5.hnu.367.nodk            367        0.13469        0.36700        0.25728        0.00170        0.17659        0.00046        0.87925        0.02189      859.82451       65.26767      931.00000    6.62635e+02    3.75238e+03    1.10720e-05    6.81328e-06    1.39435e-05    8.58024e-06    8.64949e-06    5.32254e-06    1.67193e-05    1.02884e-05    6.84197e-06    4.21027e-06    1.79636e-05    1.10541e-05    0.00000e+00    2.08756e+00    4.58324e+02    7.39298e+01    1.85545e+01    4.15747e+01    3.66540e+03
  mc.p5.hnu.368.nodk            368        0.13542        0.36800        0.24435        0.00170        0.16974        0.00045        0.89020        0.02153      839.23163       61.40036      858.00000    6.57504e+02    3.87362e+03    1.09863e-05    6.92153e-06    1.38761e-05    8.74212e-06    8.46879e-06    5.33546e-06    1.67657e-05    1.05626e-05    6.62152e-06    4.17166e-06    1.28796e-05    8.11434e-06    0.00000e+00    1.98876e+00    4.12088e+02    7.04310e+01    1.76763e+01    4.11024e+01    3.22672e+03
  mc.p5.hnu.369.nodk            369        0.13616        0.36900        0.23284        0.00150        0.15177        0.00043        0.89503        0.02554      683.80164       52.62667      717.00000    6.32758e+02    4.16922e+03    1.05728e-05    6.82851e-06    1.34755e-05    8.70324e-06    8.07330e-06    5.21418e-06    1.64901e-05    1.06502e-05    6.26310e-06    4.04506e-06    1.43688e-05    9.28013e-06    0.00000e+00    4.81762e-01    3.80606e+02    4.67585e+01    1.17352e+01    2.60769e+01    2.30391e+03
  mc.p5.hnu.370.nodk            370        0.13690        0.37000        0.21950        0.00150        0.14497        0.00042        0.95152        0.01982      725.61653       48.57798      644.00000    6.27419e+02    4.32785e+03    1.04836e-05    6.95105e-06    1.36420e-05    9.04521e-06    7.79872e-06    5.17087e-06    1.68004e-05    1.11394e-05    5.92118e-06    3.92598e-06    4.63825e-06    3.07535e-06    0.00000e+00    1.17034e-02    2.28545e+02    5.26519e+01    1.32143e+01    5.95880e+01    2.00581e+03
  mc.p5.hnu.371.nodk            371        0.13764        0.37100        0.20549        0.00150        0.13939        0.00042        0.90741        0.02586      644.30266       45.65277      570.00000    6.15734e+02    4.41723e+03    1.02884e-05    7.01424e-06    1.33328e-05    9.08986e-06    7.59731e-06    5.17958e-06    1.64991e-05    1.12485e-05    5.79119e-06    3.94823e-06    4.63316e-06    3.15873e-06    0.00000e+00    9.22736e-03    3.37164e+02    4.15126e+01    1.04186e+01    4.54741e+01    1.64960e+03
  mc.p5.hnu.372.nodk            372        0.13838        0.37200        0.19132        0.00150        0.13256        0.00041        0.89262        0.02870      539.76959       40.30807      530.00000    5.73141e+02    4.32360e+03    9.57667e-06    6.72536e-06    1.26556e-05    8.88755e-06    7.08364e-06    4.97459e-06    1.56064e-05    1.09598e-05    5.35238e-06    3.75878e-06    8.50015e-06    5.96935e-06    0.00000e+00    2.97606e-01    3.01191e+02    2.91351e+01    7.31216e+00    2.24969e+01    1.26431e+03
  mc.p5.hnu.373.nodk            373        0.13913        0.37300        0.17568        0.00150        0.12417        0.00040        0.92029        0.02670      492.90438       35.22315      513.00000    5.46280e+02    4.39949e+03    9.12785e-06    6.61612e-06    1.22843e-05    8.90399e-06    6.61437e-06    4.79428e-06    1.53038e-05    1.10926e-05    4.91709e-06    3.56405e-06    1.20097e-05    8.70496e-06    0.00000e+00    2.48170e-01    2.04463e+02    2.42955e+01    6.09753e+00    1.45877e+01    9.90979e+02
  mc.p5.hnu.374.nodk            374        0.13988        0.37400        0.15902        0.00130        0.10510        0.00037        0.91837        0.03277      396.75587       30.37739      433.00000    5.63829e+02    5.36458e+03    9.42108e-06    7.06408e-06    1.26733e-05    9.50261e-06    6.73146e-06    5.04736e-06    1.59255e-05    1.19412e-05    4.94711e-06    3.70942e-06    1.54377e-05    1.15755e-05    0.00000e+00    1.47273e-06    2.00471e+02    1.57415e+01    3.95071e+00    1.24015e+01    6.90221e+02
  mc.p5.hnu.375.nodk            375        0.14062        0.37500        0.13956        0.00130        0.09466        0.00035        0.92405        0.03616      349.28491       28.85580      368.00000    5.97210e+02    6.30902e+03    9.97884e-06    7.76039e-06    1.32335e-05    1.02915e-05    7.11515e-06    5.53335e-06    1.66684e-05    1.29628e-05    5.21592e-06    4.05634e-06    1.34143e-05    1.04321e-05    0.00000e+00    3.27583e-01    1.86840e+02    1.22000e+01    3.06188e+00    2.33751e+01    6.06852e+02
  mc.p5.hnu.376.nodk            376        0.14138        0.37600        0.12050        0.00130        0.08419        0.00033        0.91781        0.03899      292.93442       26.36740      295.00000    6.06114e+02    7.19906e+03    1.01276e-05    8.19344e-06    1.37936e-05    1.11593e-05    7.27050e-06    5.88198e-06    1.72567e-05    1.39610e-05    5.36069e-06    4.33690e-06    1.07373e-05    8.68667e-06    0.00000e+00    2.30410e-01    1.54882e+02    8.58106e+00    2.15362e+00    2.01209e+01    5.09272e+02
  mc.p5.hnu.377.nodk            377        0.14213        0.37700        0.09998        0.00130        0.07125        0.00031        0.88679        0.05274      230.90353       24.65999      244.00000    6.59365e+02    9.25422e+03    1.10174e-05    9.30516e-06    1.48766e-05    1.25646e-05    8.01052e-06    6.76560e-06    1.84955e-05    1.56211e-05    5.96224e-06    5.03564e-06    1.43940e-05    1.21570e-05    0.00000e+00    1.04401e-01    1.88547e+02    5.33164e+00    1.33810e+00    1.48933e+01    3.97901e+02
  mc.p5.hnu.378.nodk            378        0.14288        0.37800        0.08046        0.00110        0.05368        0.00027        0.84615        0.06993      162.26660       22.49271      170.00000    7.91263e+02    1.47416e+04    1.32213e-05    1.17064e-05    1.74002e-05    1.54065e-05    9.68056e-06    8.57139e-06    2.12566e-05    1.88211e-05    7.23239e-06    6.40373e-06    1.57930e-05    1.39835e-05    0.00000e+00    5.15589e-02    1.79819e+02    2.63304e+00    6.60826e-01    1.24526e+01    3.10305e+02
  mc.p5.hnu.379.nodk            379        0.14364        0.37900        0.06314        0.00110        0.04303        0.00024        0.96000        0.05958      148.07675       19.59685      115.00000    8.86056e+02    2.05927e+04    1.48052e-05    1.38124e-05    1.96360e-05    1.83193e-05    1.04379e-05    9.73793e-06    2.44647e-05    2.28242e-05    7.73953e-06    7.22054e-06    6.46356e-06    6.03013e-06    0.00000e+00    1.61119e-02    8.44658e+01    2.19267e+00    5.50304e-01    1.80826e+01    2.78729e+02
