2.911       4.893E-3
3.961       3.381E-3
4.946       1.615E-3
5.864       5.333E-4
6.839       2.427E-4
7.866       1.475E-4
8.957       1.277E-4
10.02       9.876E-5
11.06       6.504E-5
12.10       4.082E-5
13.15       2.821E-5
14.20       2.013E-5
15.29       1.742E-5
16.39       1.557E-5
17.50       1.484E-5
18.60       1.391E-5
19.71       1.369E-5
20.82       1.326E-5
21.94       1.305E-5
23.05       1.284E-5
24.17       1.326E-5
25.29       1.347E-5
26.42       1.437E-5
27.56       1.634E-5
28.69       1.858E-5
29.83       2.046E-5
